27267 39724 30009 14681 7145 15225 24710 
10560 32771 31153 18936 13323 15663 30919 25404 13215 12112 13687 
13359 29469 17319 19151 34624 32379 37102 44091 33639 
4127 7105 15414 11155 18276 13964 15412 13340 15273 29559 29314 26253 12921 
32402 30945 30093 31024 30040 12814 7714 20520 31542 41171 38390 34971 14126 18883 31567 17112 20477 25150 23790 
13859 13751 14141 27037 19743 34092 27606 7604 
29409 11632 2262 8838 23113 29007 28071 13140 6815 8302 4407 
7681 20485 15850 17875 15590 13749 16859 29059 38303 33692 42341 36489 
7234 10531 25883 25978 26852 19173 30282 18187 23550 35531 35416 29094 29201 27642 
30382 24216 29726 24598 10314 11076 28706 19698 32224 37991 23599 
19492 13117 22256 36628 25146 19030 16510 16814 32121 38556 29220 29609 22705 11329 4943 8281 12010 14853 26931 31071 
13454 35555 28558 26335 28610 26391 25857 27209 15765 
16445 14758 14860 21477 14260 17532 28488 34870 34952 29555 
26686 19463 13266 18202 15407 9427 13309 11940 16681 12144 12542 25934 42742 35963 
25534 18732 17111 29163 15714 27495 36517 24647 29745 27194 
10595 28947 30802 23154 24776 24727 10758 
10854 27598 40692 35739 15092 12379 19155 18235 35183 38168 17155 
6504 17217 18923 11325 11040 25061 33711 10689 
7666 5885 9378 17250 24131 23914 28171 30052 39123 30550 26427 18467 21192 25579 27222 17801 17878 
10068 25691 12642 11436 31750 29801 17716 11224 10557 21476 27984 9914 
30979 37646 14744 8546 8627 24157 39050 37151 24393 23728 32988 40839 41264 36918 14491 
24090 23341 24723 18979 14150 34050 38958 25625 24706 23053 19986 14528 23979 33809 21814 15931 
29158 16409 11987 26078 19927 29881 33250 13895 9297 11677 25490 
17640 37624 34022 30765 37364 26719 12326 14442 19246 19226 18407 18898 18117 22772 17883 
20898 27464 34730 43887 40990 25957 21262 16026 8611 14578 12901 18421 29357 27635 8631 
24837 24938 26412 20558 33667 34002 23199 19483 29441 33709 23091 
10048 22507 19697 28443 30317 33534 33904 43785 45218 43637 44002 34634 14840 
18889 18716 20522 39021 37552 23836 28488 19598 24472 18757 20694 17491 31352 38033 28087 34242 21485 5273 
23948 31124 32931 28336 32724 38534 34213 15798 10470 27578 44403 42533 26566 25451 26642 23721 13240 15306 27857 12121 
32143 34977 31030 29132 32003 41515 40897 38489 35563 20346 15495 21659 29261 31862 21142 37050 40796 34795 34964 16225 
34376 41926 31117 9679 11301 21593 8299 
427 7767 26431 28998 35592 28780 13497 15679 27073 20653 14614 29119 28743 25998 24224 14704 3290 
5357 4723 4378 14382 30906 32540 37373 42592 35554 29987 32967 28992 20590 14110 12744 21714 
15999 21727 21287 35405 33623 23202 17171 37188 42628 39007 24662 
31120 20381 25148 17751 11906 17358 14332 26387 28975 31977 23339 33474 18772 17000 33157 25765 25532 27226 33643 
8545 13411 26723 32011 28534 30489 21918 20208 24479 32325 33096 21424 12025 20677 28285 23820 23541 27067 
29579 29592 26404 21683 34631 34403 28166 15514 15011 10277 17580 18762 22652 23996 11494 9100 14663 35050 34550 26777 
7217 7897 18396 37053 34757 15022 9569 11337 6602 11986 32279 36510 27205 21998 28439 12542 8135 13586 
16653 18240 38515 40970 19868 14246 32820 34126 40416 33131 20728 14736 27830 28010 35239 24063 10942 19925 35686 22773 
17690 33110 44108 43159 33505 31528 19352 25452 
12954 6867 16258 32271 21180 28842 11384 
33010 26141 21217 23687 26212 32992 22382 20761 25733 20143 
31055 33809 18495 34189 30784 29901 33790 10603 
15934 26494 33810 35814 26994 32764 28133 17199 14403 16474 36369 31003 
29729 39526 30546 17924 20302 17653 23608 18781 9551 18540 21287 19850 23830 37854 39334 37006 21337 
12260 27624 32275 26205 21830 35766 29124 23340 15477 28094 22150 26929 26168 34369 26130 32091 
7682 25998 33957 34235 10844 11909 29631 17692 15040 37459 41338 45334 39726 21074 13959 34718 40884 28865 26197 
9894 32950 42683 40273 29587 38209 32767 16177 16964 11225 6895 2317 9294 32503 33933 22179 25785 27071 33609 29802 
23428 14280 18931 24637 34421 33376 11306 4008 13745 24090 30120 21410 
17032 17261 16411 10169 13029 25564 29960 23061 
