3879 3879 3879 9778 9778 9778 8979 7669 
4738 4738 7821 7821 7821 7053 6960 5463 5463 
4484 4484 6726 7717 7717 7717 2445 7511 7511 7511 3447 
8419 8419 8419 6630 9896 9896 9896 6478 6478 8465 8465 8536 8893 8893 8893 
2086 2377 2377 7119 7119 9811 9811 
2628 9383 9383 9383 9288 9163 9163 6604 4621 9245 9245 9245 9338 9338 9338 6973 
6304 6304 2823 2823 6857 6857 9259 9259 9259 3594 4818 4883 4883 8407 8538 8538 8538 4798 
7236 7236 7236 4932 4583 4583 9997 9997 9997 8622 4018 4018 9401 9401 9401 8634 7451 
3339 7447 9246 9246 9246 5554 6710 7355 7355 7355 8637 8637 8637 8151 8151 8151 8562 8562 8562 
4609 6414 9876 9876 9876 8727 8219 8219 5926 8640 8640 8640 6850 6469 9574 9574 9574 9450 4203 
5089 8451 8451 8451 5637 5637 2067 9428 9428 9428 2909 3454 3454 
477 2082 2082 7177 9068 9068 9068 3278 4183 5628 7741 7741 7741 
531 6425 9756 9756 9756 5543 5543 6465 6465 6465 6347 5209 8164 8678 8678 8678 7156 9972 9972 9972 
2275 8489 8489 8489 5065 5065 5113 5113 7103 7103 
4611 4611 2726 2858 8681 8681 8681 7283 7283 7283 6545 7767 7767 9819 9819 9819 5052 3774 
3201 9577 9577 9577 9431 4077 3476 8279 8279 8279 8093 
2569 7190 9110 9763 9763 9763 6973 8772 8772 8772 4548 4044 9694 9694 9694 6632 7533 7533 7533 
7590 9446 9446 9446 7124 7124 8665 8665 8665 
7520 7520 3655 3655 8598 8598 8598 5816 
1954 6885 6885 6885 9484 9484 9484 9968 9968 9968 5438 
4224 7191 7191 9499 9499 9499 8496 9020 9020 9020 6735 6735 5085 9971 9971 9971 7924 6263 6263 4732 
8865 8865 8865 7875 7875 7776 1607 1607 6088 6088 6088 5296 4823 4823 5563 5563 5563 
5601 8901 8901 8901 9415 9415 9415 8722 8722 8722 8990 8990 
7905 7905 4423 4423 9163 9452 9996 9996 9996 9907 9907 
1162 3725 3725 3725 5916 5916 6443 6443 8119 8119 8119 7747 8647 8647 8647 8281 8804 8804 8804 
5382 8978 8978 8978 8482 8109 5961 5961 5961 6605 6605 6605 9826 9826 9826 7534 7534 7534 3183 
8960 8960 2560 8230 9608 9608 9608 9289 6802 6802 7062 7062 8152 8152 8152 
9824 9824 6305 7913 7913 7913 5868 3287 5239 5239 5239 4827 
4451 8900 8900 8900 7367 7367 7367 6343 7817 7817 7817 7149 6900 6900 7960 7960 9695 9695 
3425 3425 3750 3750 9867 9867 9867 4531 4531 4531 8188 8188 8188 1789 
9896 9896 9896 6961 8629 9289 9289 9289 2647 6619 9569 9569 9569 9445 8810 8810 4719 4719 3583 
9282 9282 9282 7724 7724 7724 4368 8406 8406 8406 
8011 8818 8818 8818 5206 6587 6587 
8870 8870 8870 8433 8433 8433 8208 5493 8956 8956 8956 
1669 1669 4487 6185 6185 6185 5163 5163 4972 4972 2062 3025 3025 3025 4756 5276 9565 9565 
4963 4963 4963 7342 7342 8815 8815 8815 9591 9591 9591 7901 
2080 2080 1732 5928 5928 5928 5965 7279 7279 7279 7024 7024 6842 6842 
3488 9032 9032 9032 6898 6898 6898 3227 
6721 6721 9829 9829 9829 8522 8018 8018 8018 7126 6556 
4609 6950 8240 8240 8240 5428 6074 6074 
4609 7074 7074 9414 9414 9414 9192 9192 9192 3567 8656 8656 8656 9589 9589 9589 9587 6430 
2117 5643 6060 6060 7217 7217 7217 9785 9785 9785 
3106 3106 2061 4818 6550 6550 6550 6488 9981 9981 9981 
5751 5751 7562 9834 9834 9834 7443 7443 8508 8508 8508 7804 
6243 8327 8327 8327 5816 9716 9716 9716 7736 5758 5758 
3040 9792 9792 9792 6244 9484 9484 9484 7213 7213 7213 3795 3795 3190 3190 
9477 9477 9477 9381 9381 9381 6062 6062 7799 7799 7799 7352 6398 6398 2078 
9479 9479 8856 8995 8995 8995 4920 8383 8383 9666 9666 9666 6990 7516 7516 7516 7655 7655 7655 7403 
8590 8590 8590 8175 4849 3293 7294 7294 
4899 6984 6984 6984 5226 7052 9423 9423 9423 6576 2609 6677 6677 8345 8345 8345 5823 5823 

