50
8
1347 3879 2030 47 9778 8979 7669 6524 
9
4738 2467 165 7821 7053 6960 3029 5463 2936 
11
609 4484 165 6726 7717 2157 2445 82 7511 3447 2015 
15
3009 8419 5764 6630 3783 9896 4327 6478 3855 623 8465 3890 8536 8893 6975 
7
1828 2086 2377 1450 7119 5202 9811 
16
1345 2628 9383 9288 6666 9163 6604 4621 3662 3218 9245 9047 8793 9338 2715 6973 
18
6304 1572 1509 2823 1928 6857 1897 9259 3594 2893 3153 4818 4883 182 8407 8538 4027 4798 
17
2722 7236 4932 2340 4583 1380 2107 9997 8622 2478 3697 4018 3862 9401 8634 7451 1535 
19
3339 2444 7447 9246 3362 4133 5554 6710 7355 5308 2492 8637 8134 2514 8151 4199 3949 8562 763 
19
4609 394 6414 9876 8727 1560 8219 5926 304 186 8640 6850 6469 1224 2134 9574 9450 4203 2674 
13
448 5089 8451 2309 5637 524 108 2067 9428 1783 252 2909 3454 
13
477 33 2082 1125 7177 9068 3278 913 1361 4183 5628 7741 3807 
20
130 531 6425 9756 30 3233 5543 4032 6465 6347 5209 2654 3167 8164 8678 615 488 7156 9972 7286 
10
1347 2275 8489 1449 267 5065 2708 5113 602 7103 
18
4611 1756 2726 777 2858 8681 5073 882 7283 2418 6545 3126 7767 7544 9819 5052 2589 3774 
11
3201 131 9577 9431 4077 20 3476 1685 8279 7994 8093 
19
2569 2441 7190 9110 9763 292 2612 6973 8772 4548 2372 3016 4044 9694 355 1638 6632 7533 4219 
9
7364 7590 9446 167 332 7124 1461 8665 7002 
8
7520 3521 2433 3655 463 8598 5816 4153 
11
1954 1795 6885 2693 6665 9484 6765 7374 9968 3159 5438 
20
4224 3207 7191 6170 9499 8100 8496 5424 9020 2247 6735 2128 5085 2658 9971 7924 374 6263 3449 4732 
17
1472 8865 354 7875 7776 37 1607 1224 1223 6088 5296 3829 3541 4823 87 5563 60 
12
5601 4324 8901 1191 8712 9415 7721 5579 8722 5203 1881 8990 
11
7905 1605 4423 2024 359 9163 9452 9996 9489 9907 8890 
19
4 1162 3725 408 1050 5916 413 6443 3759 8119 5059 7747 2885 8647 7242 8281 4956 8804 3822 
19
771 5382 8978 8482 8109 3246 2630 5961 5322 3404 6605 6105 6242 9826 1256 2411 7534 3183 762 
15
8960 1431 2560 773 8230 9608 9289 6512 2448 6802 2517 7062 6647 8152 1599 
12
9824 6305 2583 3047 7913 5868 241 3287 1304 5239 4827 924 
18
1250 4451 8900 6373 7206 7367 6343 361 4906 7817 7149 1710 6900 4758 5591 7960 3708 9695 
14
3425 350 2692 3750 2952 9867 204 2736 4531 4051 1911 8188 1789 542 
19
23 9896 4266 6961 6708 8629 9289 2382 2645 2647 6619 9569 9445 7401 8810 2665 4719 1523 3583 
10
1280 9282 6246 4041 7724 1869 3887 4368 8406 4024 
7
3652 8011 8818 1077 5206 218 6587 
11
2721 8870 8393 7728 8433 8208 5493 822 2646 8956 4798 
18
98 1669 485 4487 6185 3561 5163 201 4972 2062 303 1360 3025 1104 622 4756 5276 9565 
12
3041 4963 2124 4813 7342 5583 8815 7602 5364 9591 7901 831 
14
2080 1732 1540 1157 5928 2698 3148 5965 7279 592 7024 3383 6842 2239 
8
3488 2118 9032 3336 1069 6898 884 3227 
11
6721 4002 4004 9829 8522 6382 2319 8018 7126 6556 2141 
8
1409 4609 6950 8240 5428 1623 5016 6074 
18
4609 321 7074 6405 9414 263 3846 9192 3213 3567 1264 8656 19 7859 9589 9587 5687 6430 
10
2117 167 5643 6060 3792 7217 3572 824 9785 2171 
11
3106 1733 2061 2045 4818 6550 6488 4729 2395 9981 8703 
12
5316 5751 3081 7562 9834 3374 3536 7443 1238 8508 1977 7804 
11
3011 6243 8327 648 12 5816 9716 7736 2585 5691 5758 
15
2720 3040 9792 6244 3466 5387 9484 5452 6062 7213 848 3795 2293 3190 570 
15
4802 9477 3558 5223 9381 4267 6062 5397 5045 7799 7352 988 6398 2078 1023 
20
9479 4880 6294 8856 8995 2084 1578 4920 8383 3392 9666 1988 3530 6990 7516 6246 1383 7655 5095 7403 
8
3937 8590 8175 4849 1718 3293 3037 7294 
18
4899 2118 6984 5226 3978 3660 7052 9423 6576 2609 690 703 6677 6232 8345 4572 4030 5823 
