50
7
6016 9219 6051 2637 719 2351 7453 
11
672 8544 6467 3208 2845 1580 8078 5105 2011 2077 3870 
9
1571 8646 1960 2793 8812 5395 7382 9561 8026 
13
1280 287 4964 235 5486 1583 3729 2642 1685 7576 5146 6300 2207 
19
9086 5144 6427 5668 7593 1593 442 4795 5693 9668 6474 9300 597 3035 9181 989 4964 4596 6398 
8
3584 3107 846 8496 703 9138 5975 543 
11
9600 609 205 1038 5519 5518 6934 1751 953 2205 734 
12
544 6049 1794 4419 2824 2699 2828 5676 9203 5018 9435 9018 
14
2305 319 7269 3757 7438 781 9392 1325 4820 7765 7416 5403 5469 7391 
11
9283 2533 7334 5191 1691 50 9235 951 7610 8443 5052 
20
6153 1033 3865 9628 3879 3881 3508 2105 6991 9043 4436 6869 4566 2138 349 1758 2658 2278 5361 8570 
9
1154 9992 4425 5291 6037 5208 4730 6459 3102 
10
4583 2696 2087 5903 1681 3314 5909 7447 6620 7645 
14
7814 3244 1917 4271 3472 720 3795 1204 4533 1878 1977 4733 9758 8735 
10
7431 3241 1578 9136 177 6047 9177 2939 6653 6847 
7
1184 7043 6634 3857 4949 6072 1562 
11
1729 5667 8868 8421 1608 1847 5230 1618 8151 9112 2681 
8
833 4005 4369 1811 1523 4660 9558 377 
17
2372 550 1863 3239 5670 3882 6598 4495 9969 4721 6418 2452 4693 4661 6903 1852 5342 
12
741 7845 1415 552 8365 6103 3127 2232 1401 4122 7709 735 
15
7008 9955 773 2470 363 5068 8590 8212 3925 4406 6585 8827 7773 9118 1791 
16
6817 3639 5607 4263 583 8138 9053 3661 5589 4278 4630 1818 4444 8829 2878 4351 
11
8960 2278 615 7864 1871 6450 8660 820 2775 152 8446 
15
2721 9477 6472 5129 8906 5517 1262 3023 4111 3890 3445 4182 2907 5214 4223 
15
5248 5154 6754 9314 9191 4103 4457 3788 205 4208 1749 3446 6334 6909 574 
11
7073 3618 7011 1761 8264 7114 4396 2897 6396 7356 5245 
13
1215 6403 2083 7045 5225 7597 5518 9753 9008 8441 9306 7643 2399 
18
5057 3718 2505 9289 8649 2316 8239 1455 6994 2035 5658 1685 6778 9333 3256 8986 4028 415 
20
6019 5891 7432 4744 6672 7964 7970 2339 811 5698 9673 9686 3802 5474 5227 5487 2033 1654 8311 1270 
20
8451 6790 6156 5772 5660 9251 8102 7340 8367 3122 2613 4534 5444 8395 1233 9048 8673 5729 8935 2430 
7
8576 8648 7406 251 1520 6490 603 
17
98 133 7270 4488 8264 6312 1580 2445 6764 4336 881 7635 5333 5109 5338 3101 63 
16
1475 932 452 2090 7660 5836 7372 9421 6957 5262 7244 5973 3829 3130 891 6941 
11
3584 5247 2402 8834 6501 5286 843 9356 8277 8441 5407 
19
9988 1156 6925 3217 1175 5164 691 7095 4411 8647 1625 9817 2398 1761 9319 3439 6129 3706 9979 
18
2272 1729 5952 7138 4645 7461 3461 4074 4525 6830 7310 4336 1106 4371 6458 4540 3742 7775 
20
8194 4997 6407 2186 8718 6291 6812 1439 4385 417 4641 3240 4401 6209 968 2381 989 9315 6116 6887 
18
2084 965 2918 8677 8104 1768 1614 2959 846 1105 7825 7699 5588 2742 8184 1145 923 4221 
20
5120 1293 9241 9499 3232 673 8995 5162 9645 6319 4529 822 7741 3785 8914 4712 1013 3191 9339 4478 
8
3653 6731 9264 9585 5140 8500 888 8188 
7
4261 171 2093 9808 754 9110 758 
10
9604 4198 3943 5190 4174 8500 3318 3928 5659 4828 
8
7425 8780 44 9583 5396 5013 9466 379 
12
3488 5470 6596 8552 3562 7756 5934 2575 3540 1208 9310 7231 
17
7040 8609 6659 1960 5385 2187 5707 4300 174 4729 4179 4021 3608 8985 7291 8476 4287 
16
1985 6305 6724 5798 2087 9771 4366 6255 209 8595 2100 7255 3064 9721 2142 9983 
19
384 6530 6024 9355 146 1051 8610 2750 832 9794 7245 9809 8662 3931 619 8171 9586 3955 7414 
20
649 7947 8460 9356 3745 8996 7476 1343 4672 1605 1738 76 351 8165 7657 2797 6131 4595 7155 7549 
12
7585 673 4676 4230 7271 8378 971 15 2992 4754 6836 4858 
8
4738 2818 4069 1386 1942 5817 6171 5630 
