23 131 187 188 264 306 335 370 393 398 403 492 
9 25 36 45 76 124 133 135 141 145 148 150 171 179 182 205 215 217 228 230 235 245 258 272 281 288 315 331 352 398 404 442 443 448 460 461 471 481 483 
13 40 46 65 68 70 137 145 156 160 182 196 207 218 228 237 244 251 280 281 294 311 338 393 408 422 447 491 
7 34 50 58 62 90 96 104 155 184 207 222 227 230 236 254 275 278 293 306 312 329 339 340 365 368 387 417 443 
70 83 87 120 206 215 263 325 341 393 490 
24 25 33 42 44 90 113 120 121 167 172 174 203 229 230 246 249 259 266 281 290 291 394 414 416 419 427 438 439 
13 59 60 89 102 128 134 145 146 148 155 169 177 185 191 222 288 308 321 374 419 468 474 483 
11 27 46 91 102 112 130 144 168 174 221 231 235 241 245 251 270 276 279 285 319 340 341 372 376 378 386 387 391 392 394 438 449 469 
3 45 60 76 111 117 121 144 178 185 237 246 260 274 277 305 317 393 407 453 475 487 
14 22 33 51 58 75 92 100 114 116 194 208 212 236 242 250 261 269 302 352 372 374 392 420 432 444 455 465 469 480 483 495 
73 77 120 144 159 166 256 275 278 302 310 364 387 407 414 441 459 487 
16 88 93 99 120 122 140 144 178 212 232 242 248 260 261 269 276 323 325 340 355 369 382 418 437 458 493 498 
11 14 24 39 177 197 199 221 271 333 387 427 488 
12 41 46 51 113 120 122 133 139 174 182 202 205 220 240 248 309 360 370 383 387 414 437 488 
7 45 64 75 113 119 136 139 145 170 190 197 227 238 249 296 404 425 467 488 496 
136 180 187 194 219 480 482 485 
54 70 144 186 227 357 364 407 474 
27 123 177 197 199 258 281 302 475 
7 8 10 43 47 63 65 72 73 153 179 181 183 231 233 246 249 254 320 358 374 382 390 401 409 417 449 455 458 490 
14 17 35 36 37 39 51 56 64 109 112 177 185 211 239 242 264 309 326 345 349 352 355 383 419 426 465 
2 7 18 49 53 88 97 102 104 106 107 121 128 171 204 210 237 248 275 309 330 331 335 372 382 383 406 421 430 434 448 451 471 480 486 
36 42 54 73 80 137 152 164 187 212 224 258 274 282 289 325 363 381 387 395 414 473 478 
3 4 37 72 73 125 141 165 206 217 282 286 325 342 353 391 407 493 
6 23 30 62 66 75 88 125 167 181 223 228 235 270 316 351 365 374 375 418 438 450 484 497 
21 22 34 35 50 113 119 169 228 229 249 260 261 280 342 403 446 457 468 493 
9 10 23 77 90 94 95 108 120 125 152 179 190 194 201 229 231 248 260 310 319 320 321 342 360 422 
8 16 20 23 25 51 53 58 63 83 89 98 115 120 125 128 141 143 228 261 267 287 321 345 346 365 371 375 395 410 419 426 444 445 459 468 
53 54 59 76 90 98 100 125 136 147 178 184 190 215 228 234 261 277 295 307 309 321 322 367 392 416 452 458 464 475 477 497 
11 24 29 42 71 98 126 131 135 142 144 145 155 167 209 248 253 256 290 292 312 316 317 325 329 342 355 376 448 475 491 
102 142 237 380 387 396 429 456 471 490 493 
27 30 64 114 157 158 165 181 243 248 262 326 339 340 370 445 455 493 494 
337 339 394 425 475 
3 8 17 18 28 49 78 105 131 162 163 186 188 191 227 233 236 269 288 315 448 472 483 486 489 
3 108 115 122 175 193 232 270 287 390 412 417 433 436 454 483 
43 77 79 91 108 182 224 225 241 282 291 307 308 320 345 361 370 394 411 416 451 456 473 479 491 
12 22 25 29 89 92 100 114 118 125 142 206 237 239 247 254 272 364 366 388 389 391 395 402 442 446 448 455 472 
37 50 87 112 127 129 153 156 228 289 369 388 490 
10 20 22 46 48 78 85 88 109 127 161 180 183 237 279 291 298 311 318 320 363 370 373 375 401 412 418 442 468 
31 36 64 75 155 157 263 268 280 321 340 354 364 412 446 465 483 484 485 
1 12 13 20 27 62 70 77 106 117 134 142 204 211 212 221 245 314 321 325 349 362 367 368 373 380 398 400 424 430 431 435 481 484 487 490 496 498 
4 18 25 27 45 46 50 57 66 70 77 80 117 128 146 161 165 179 207 219 237 238 241 254 266 310 311 332 333 345 350 356 360 385 399 410 420 421 480 
3 23 48 53 66 96 127 145 158 174 184 263 273 281 287 309 319 332 354 365 380 392 394 413 414 422 425 431 434 443 459 498 
23 52 65 74 86 93 141 162 198 214 242 252 261 288 289 290 301 307 312 339 343 352 356 369 374 375 382 388 396 476 483 493 
84 89 146 169 204 240 254 281 285 343 356 417 423 456 
20 24 37 81 96 112 127 172 247 249 252 265 283 297 331 353 370 377 408 427 492 
10 98 156 188 270 274 294 295 355 362 441 449 492 
180 211 292 293 314 324 340 474 
18 60 161 200 290 293 366 406 433 478 481 
122 181 232 273 279 281 300 344 362 474 
9 36 55 64 69 84 104 125 137 153 172 176 209 210 245 261 278 280 287 301 312 314 335 344 359 370 376 377 388 401 411 413 420 450 464 469 471 472 495 
