50
12
306 131 403 187 23 492 335 393 370 398 188 264 
39
217 258 481 404 483 148 398 76 288 230 171 25 245 442 352 36 145 179 315 281 9 133 443 124 228 150 45 215 448 460 272 205 461 331 135 182 141 471 235 
28
281 311 137 40 244 156 207 218 237 160 294 65 196 13 408 251 228 145 182 46 338 70 422 393 491 447 280 68 
29
387 254 104 275 306 96 7 329 90 340 50 227 155 293 236 278 62 58 34 184 312 230 365 417 207 339 222 368 443 
11
341 83 70 215 490 87 393 120 263 325 206 
29
172 44 246 291 120 281 25 24 230 419 259 416 167 266 42 414 113 290 229 203 90 249 438 394 121 427 33 439 174 
24
191 128 419 308 13 169 374 148 134 155 483 222 60 89 288 145 321 468 102 146 177 59 474 185 
34
235 376 46 11 391 168 174 386 387 251 270 340 144 245 372 27 394 130 392 276 319 378 112 231 469 438 102 285 449 221 279 341 241 91 
22
453 111 260 317 305 121 407 237 76 117 178 274 246 144 393 487 185 60 475 277 45 3 
32
374 495 483 250 92 444 392 352 432 269 212 236 58 302 194 33 372 480 75 51 208 465 420 242 261 469 100 455 22 14 114 116 
18
310 459 166 73 144 275 414 387 120 487 441 407 302 278 256 159 77 364 
28
382 144 276 323 93 178 261 88 355 248 458 369 212 120 325 340 260 498 493 437 232 269 16 418 99 242 122 140 
13
387 197 221 427 488 199 177 39 271 14 11 24 333 
24
360 174 370 248 488 139 12 113 51 220 414 41 309 202 122 240 120 46 182 387 383 205 437 133 
21
7 75 170 496 45 425 404 227 136 113 145 488 190 467 238 139 119 64 296 197 249 
8
480 136 180 194 219 482 187 485 
9
186 70 144 54 407 474 357 364 227 
9
27 197 177 123 281 199 258 302 475 
30
320 183 73 382 63 409 43 374 72 181 179 358 401 65 254 246 449 458 153 231 233 7 417 47 390 249 8 10 455 490 
27
383 345 211 419 112 239 14 177 426 264 35 326 242 17 465 309 51 109 36 349 355 56 185 64 37 39 352 
35
248 309 210 275 480 128 448 2 171 106 383 372 335 430 434 471 104 121 331 18 7 88 97 486 421 204 53 237 451 49 102 330 107 406 382 
23
381 42 274 325 54 282 73 80 152 187 473 258 212 387 414 363 224 36 164 478 137 395 289 
18
391 342 125 3 165 72 37 286 217 282 206 73 4 493 353 407 141 325 
24
62 374 167 270 125 30 438 75 228 88 450 6 375 316 418 365 497 223 66 484 235 23 181 351 
20
446 342 50 403 228 169 229 261 22 35 249 21 468 119 493 280 457 113 34 260 
26
190 194 310 120 95 23 77 320 10 422 319 152 201 108 260 248 231 125 360 90 9 342 229 321 179 94 
36
143 346 89 115 375 128 228 125 20 25 141 468 365 395 51 63 8 419 267 23 444 83 459 345 53 261 120 287 16 445 410 371 426 98 58 321 
32
234 307 90 277 59 178 215 147 76 464 392 497 321 322 53 100 295 367 309 184 136 452 261 458 190 228 416 125 477 98 54 475 
31
135 329 355 24 126 491 145 42 256 312 317 325 475 342 292 290 316 253 142 248 167 376 98 144 209 155 448 11 131 71 29 
11
396 387 456 429 142 102 490 471 493 237 380 
19
326 157 339 30 445 158 262 64 114 27 181 494 493 455 243 340 248 370 165 
5
339 425 394 337 475 
25
191 472 448 233 186 28 188 483 131 49 105 236 163 486 78 315 269 3 162 17 18 227 8 489 288 
16
232 412 436 193 270 115 483 287 122 433 175 3 454 417 108 390 
25
479 241 225 224 282 182 43 345 91 320 77 491 361 291 370 451 456 394 308 79 416 108 411 307 473 
29
272 114 364 100 25 442 89 254 446 395 455 247 118 125 389 366 142 239 22 402 12 237 391 206 472 29 92 448 388 
13
289 156 153 37 50 388 127 490 129 228 87 112 369 
29
85 468 318 363 20 48 311 298 183 180 418 88 78 401 127 237 442 10 161 279 46 320 22 370 412 373 109 375 291 
19
364 157 412 75 280 485 268 354 263 31 446 465 155 64 483 36 484 321 340 
38
134 70 398 211 487 430 62 77 362 481 314 435 431 13 498 142 367 212 373 325 20 204 484 490 245 117 368 27 380 496 424 349 106 221 321 400 12 1 
39
360 350 46 50 207 254 4 77 311 385 345 70 410 332 25 179 238 45 161 57 241 128 66 117 266 480 420 146 421 18 399 219 80 165 27 237 356 310 333 
32
127 158 53 422 443 459 414 392 48 498 319 431 174 413 354 434 309 23 66 3 425 332 184 287 380 145 96 281 263 365 394 273 
32
65 483 369 52 289 198 261 214 290 288 493 375 374 162 396 252 307 356 388 352 93 301 382 86 312 23 141 339 343 476 74 242 
14
285 240 356 343 204 281 169 456 146 423 89 254 417 84 
21
265 20 427 283 127 331 377 112 252 370 81 297 172 353 96 247 24 249 37 492 408 
13
274 449 156 294 362 10 441 295 98 188 355 270 492 
8
293 180 474 324 211 292 340 314 
11
366 481 60 18 290 200 478 293 433 406 161 
10
122 232 300 273 344 474 279 362 181 281 
39
377 388 55 280 245 287 261 312 137 401 420 9 64 278 495 104 176 464 450 153 210 172 335 471 301 411 36 84 314 209 69 344 125 370 469 376 413 472 359 