50
14
118 454 493 15 283 98 138 350 152 460 190 6 199 446 
12
34
42 339 341 215 415 456 393 300 442 218 232 277 73 323 35 405 95 6 476 147 111 410 77 381 40 291 141 26 61 321 201 439 398 146 
12
20
362 480 25 380 429 326 290 209 163 371 420 94 148 62 375 346 171 424 416 387 
15
18
99 63 326 51 58 160 236 429 446 407 109 342 322 494 388 265 220 136 
11
15
110 74 275 127 77 333 233 220 122 320 346 159 270 479 67 
5
14
174 167 279 370 140 37 301 65 348 491 72 241 128 228 
7
12
22 36 367 6 72 177 424 463 90 181 37 10 
10
7
159 231 177 70 175 495 413 
4
31
117 249 490 77 136 103 101 481 385 352 96 16 220 468 431 208 333 279 375 273 100 486 189 442 224 44 140 266 164 301 304 
24
24
451 220 475 180 331 97 391 64 55 84 176 207 71 255 353 129 294 96 47 101 339 165 233 308 
8
38
439 193 435 199 454 281 136 58 256 341 178 297 490 251 101 324 166 438 295 353 249 469 458 71 461 237 9 335 100 457 175 405 456 124 236 108 15 465 
11
29
154 393 266 386 478 326 88 440 166 7 38 164 301 291 127 426 124 197 140 461 170 346 201 468 196 310 359 108 179 
5
38
426 372 472 139 479 137 321 261 493 31 393 303 476 480 38 430 200 315 353 12 148 248 62 68 338 253 422 207 29 269 486 340 159 462 318 56 333 290 
6
33
364 219 380 315 10 341 289 194 91 370 196 98 283 369 389 212 90 30 74 144 53 122 390 386 462 337 363 178 282 251 268 445 260 
26
30
207 71 365 117 325 199 261 8 281 423 374 284 395 313 414 87 273 95 123 441 377 193 54 257 332 394 267 3 472 67 
23
35
136 87 222 175 31 107 490 74 85 341 409 460 224 196 185 119 379 254 390 251 258 389 268 104 357 257 374 226 237 247 408 321 126 420 317 
22
36
264 130 484 371 257 464 124 357 415 156 428 285 347 383 434 218 499 454 475 49 380 168 244 295 126 213 110 343 446 178 64 206 487 467 239 346 
16
17
295 318 266 110 323 208 389 108 165 471 404 398 209 148 260 2 324 
14
11
351 91 245 113 322 219 257 436 434 411 101 
7
34
309 106 434 352 85 294 373 57 208 137 485 484 378 241 213 119 232 122 252 455 151 440 108 201 83 178 125 323 212 429 48 366 38 247 
11
32
74 345 252 448 313 424 137 482 344 128 408 50 215 88 105 414 23 294 6 106 425 268 160 174 220 125 75 295 380 438 195 161 
13
7
441 120 273 184 430 41 274 
1
39
130 266 132 307 112 323 360 110 254 302 182 372 376 419 328 27 450 55 285 277 242 480 107 469 4 356 135 214 288 56 90 205 95 87 449 261 9 113 234 
10
10
208 261 357 300 333 138 242 265 177 302 
5
38
86 70 438 485 123 459 428 232 59 356 48 146 396 425 185 66 433 460 5 312 266 220 107 375 391 140 366 10 39 171 186 182 52 24 47 80 349 308 
19
28
451 314 353 374 77 163 240 136 175 383 222 32 232 50 17 160 228 94 193 225 396 192 436 494 209 70 415 227 
20
33
271 21 249 441 453 497 465 42 241 189 41 447 233 307 281 279 123 225 330 338 419 88 247 483 201 143 142 425 90 20 290 92 236 
31
38
262 392 30 63 495 268 491 279 127 498 319 334 427 224 226 57 261 29 95 39 256 239 17 147 24 148 72 99 287 26 283 246 444 478 69 183 53 488 
2
39
250 293 373 196 443 6 383 399 498 371 68 149 262 102 375 281 421 204 21 480 63 73 449 169 398 301 463 66 164 469 231 106 238 264 397 244 388 481 462 
13
21
442 342 472 12 225 369 176 361 409 103 127 458 91 451 61 303 447 178 270 150 359 
10
24
197 244 344 49 437 470 123 297 102 379 254 278 215 264 484 275 245 299 194 58 407 5 191 135 
20
11
249 277 279 442 484 282 53 437 392 231 30 
4
28
3 132 15 377 432 153 376 55 75 283 382 366 243 367 411 289 187 48 460 123 117 58 401 126 414 239 278 144 
13
12
286 182 139 292 304 159 374 483 163 186 239 362 
5
11
296 289 349 345 410 111 370 48 56 58 226 
6
30
230 390 204 355 328 467 486 291 429 66 157 21 356 20 244 377 79 290 267 119 409 332 320 464 15 473 445 427 431 84 
12
27
8 390 164 92 138 296 348 185 478 398 336 169 492 78 64 65 218 340 377 286 143 13 152 366 456 236 407 
15
24
173 455 222 38 147 475 399 345 460 74 188 219 395 242 482 40 113 214 52 110 133 137 323 25 
7
33
143 179 402 446 50 369 201 468 204 450 318 262 412 195 288 278 168 305 314 38 482 213 149 484 366 128 6 144 77 420 365 287 174 
25
18
264 207 59 106 480 268 399 220 40 239 365 418 319 200 303 74 432 43 
10
14
123 303 411 405 267 395 95 423 21 465 470 432 398 394 
7
23
488 249 47 284 280 457 245 302 108 408 396 110 398 345 131 317 313 211 420 304 343 25 393 
9
14
128 491 78 283 354 468 471 392 84 88 241 458 361 89 
5
25
257 95 281 267 31 491 56 158 224 428 133 197 215 256 207 189 100 238 22 439 265 171 273 434 233 
22
7
368 499 469 451 318 291 226 
3
6
320 413 288 111 481 36 
4
37
365 117 470 69 105 45 154 368 146 24 497 132 150 429 8 381 9 116 113 188 178 455 16 210 401 246 305 273 378 229 468 89 238 337 196 167 130 
8
13
72 212 489 298 346 265 56 459 482 295 262 289 133 
4
35
198 323 259 415 344 332 109 293 118 57 27 305 414 124 82 149 64 3 206 248 94 342 154 31 362 275 104 297 132 85 356 440 258 199 142 
20
31
20 96 472 302 109 54 169 464 44 118 40 337 473 492 30 180 210 58 17 211 53 157 304 189 340 188 114 280 132 110 220 
19
