100 30
195 146 74 276 7 251 95 264 218 34 197 17 24 287 3 107 262 182 53 275 120 170 247 289 266 300 203 272 32 125 90 288 244 219 77 48 123 290 243 178 47 129 100 236 294 25 6 190 270 121 169 181 274 265 230 228 1 102 176 94 93 135 227 101 85 159 15 160 291 41 166 220 284 119 67 14 105 269 204 229 161 154 163 9 64 68 20 212 26 193 11 296 234 104 235 98 114 112 18 87 
53
270
17
197
67
182
290
146
77
203
181
159
125
190
228
129
204
219
276
48
170
266
34
107
160
95
287
262
178
9
