5 19 26 32 41 42 44 46 47 55 57 59 60 68 75 76 95 97 
6 13 20 23 26 32 34 37 40 47 57 60 64 71 75 80 91 
11 16 18 20 38 41 47 55 58 62 69 73 78 80 82 83 90 97 
8 13 19 21 22 33 45 52 57 74 78 95 
4 53 56 59 63 67 68 
4 7 11 22 59 99 
3 8 10 18 28 52 55 74 79 98 
10 11 27 60 67 
1 9 13 18 28 38 54 79 80 83 
9 13 15 17 23 30 33 36 39 46 53 54 55 57 59 74 84 90 99 
1 24 45 48 50 62 64 96 99 
4 8 18 21 24 26 33 34 37 49 67 70 74 80 99 
12 13 14 22 23 26 35 36 38 42 54 55 57 66 71 77 78 85 
1 5 6 8 13 17 22 32 33 37 45 54 58 74 76 82 85 90 
1 32 41 46 83 84 
