15
18
55 68 5 57 47 26 32 19 76 95 59 44 41 60 42 75 97 46 
17
20 64 57 71 47 75 40 32 91 60 13 26 6 34 23 80 37 
18
47 58 90 73 97 80 38 83 20 78 41 82 62 55 16 18 11 69 
12
78 22 45 13 8 52 19 95 33 74 57 21 
7
63 53 4 67 56 68 59 
6
99 11 4 59 7 22 
10
74 52 98 10 79 18 8 55 3 28 
5
67 10 11 27 60 
10
54 13 18 80 79 1 38 28 83 9 
19
17 9 57 99 30 59 23 39 36 55 54 13 46 53 84 33 74 15 90 
9
1 64 62 48 45 96 99 50 24 
15
8 4 34 49 74 33 24 67 26 70 18 37 21 80 99 
18
85 71 77 36 14 26 12 55 66 23 78 13 22 35 38 54 57 42 
18
5 22 37 33 58 13 32 45 1 17 85 76 8 6 54 90 82 74 
6
41 83 84 46 1 32 
