15
14
58 14 69 47 36 84 17 83 48 51 3 77 62 85 
6
10 6 39 99 78 18 
13
24 97 63 64 82 15 3 67 32 73 65 83 22 
16
55 64 25 4 32 13 94 1 84 41 82 38 43 91 48 44 
17
62 20 87 93 57 75 97 23 16 48 63 32 2 7 61 12 47 
14
71 82 20 78 13 46 12 72 27 36 14 93 24 17 
5
25 18 21 81 64 
6
23 3 35 9 68 81 
13
33 86 52 66 93 59 64 29 14 45 60 17 83 
20
65 14 20 19 71 35 64 93 6 48 88 38 49 21 26 22 81 42 29 44 
7
79 12 32 28 59 38 66 
7
34 32 65 37 78 53 26 
9
63 66 70 91 98 14 52 38 54 
10
65 12 6 95 40 84 42 31 16 94 
11
33 85 45 20 18 40 68 8 29 93 23 
