50
12 51
72 40 19 96 58 54 2 29 10 14 44 92 
5 36
98 40 48 62 36 
10 29
66 37 80 26 6 74 34 14 96 54 
10 65
78 66 38 46 28 98 52 30 68 40 
10 49
32 56 28 26 47 24 40 2 22 78 
9 95
34 94 80 42 21 66 90 30 14 
15 51
64 34 92 52 6 13 80 20 4 2 21 72 96 76 28 
8 15
78 16 24 52 35 96 10 90 
10 49
28 16 32 42 72 94 44 34 74 82 
14 24
7 82 30 12 8 84 22 38 21 94 58 18 98 60 
10 21
37 84 66 60 2 52 58 74 44 32 
14 22
48 39 32 20 9 86 96 74 58 90 43 14 66 18 
8 79
11 45 64 22 20 46 80 82 
11 25
36 62 34 4 6 56 41 82 90 30 22 
14 14
92 28 78 74 46 20 2 96 34 42 12 30 38 13 
12 63
94 4 14 26 54 68 28 36 58 90 76 52 
13 35
96 26 92 32 12 40 44 64 74 8 4 28 86 
11 61
6 48 68 58 56 12 52 82 2 8 96 
14 10
92 26 42 52 6 8 34 72 96 98 37 78 86 90 
6 68
10 50 82 46 62 42 
11 73
92 38 72 80 90 22 40 62 70 66 2 
10 90
24 2 14 64 35 34 28 54 50 20 
9 44
62 44 42 22 14 64 24 60 98 
10 34
50 80 68 6 58 64 76 26 30 38 
9 24
8 42 26 60 96 32 74 40 14 
10 35
76 14 84 94 96 1 10 78 38 52 
12 43
64 28 10 96 16 30 35 52 86 50 92 12 
7 75
88 28 94 64 70 86 56 
5 41
64 34 58 94 28 
9 37
36 76 18 90 56 62 4 66 88 
9 29
32 38 44 66 80 2 78 30 36 
14 45
66 92 96 36 80 26 40 72 86 28 52 54 82 18 
10 64
46 33 62 74 54 47 28 72 68 48 
13 48
20 36 88 30 56 24 22 16 38 6 28 66 2 
15 48
12 34 36 76 88 18 50 80 62 28 98 56 66 38 47 
10 93
70 42 60 96 44 80 14 8 34 86 
11 19
26 14 66 10 58 42 20 98 44 74 62 
13 89
80 4 48 10 28 34 2 6 60 36 70 22 44 
14 97
58 8 36 94 38 14 40 50 2 48 28 66 20 30 
7 33
48 72 38 22 86 90 28 
13 26
14 40 8 90 4 44 22 54 28 10 32 82 68 
7 72
92 12 80 88 70 68 84 
12 58
68 2 44 52 36 10 78 32 98 38 28 12 
6 26
42 74 25 78 90 24 
8 41
88 68 62 14 8 30 94 76 
13 20
64 84 70 22 6 20 86 15 90 40 4 34 44 
7 17
84 52 18 82 90 24 54 
11 34
31 54 82 80 94 86 30 76 68 70 42 
13 87
46 31 8 14 76 11 88 54 60 12 68 26 22 
5 91
40 14 60 6 20 
