15
20
26 28 72 43 30 84 6 31 10 18 98 92 54 59 78 37 51 70 24 45 
15
80 25 83 81 87 69 23 92 30 17 90 29 39 60 96 
19
4 63 24 52 14 50 75 94 40 42 33 55 54 41 56 96 47 20 60 
17
91 36 87 54 89 31 39 18 80 22 94 17 96 56 60 38 79 
13
41 9 2 56 28 78 67 84 89 62 80 8 98 
12
83 63 40 50 4 3 85 35 25 45 80 75 
7
57 35 67 38 1 5 73 
7
9 44 2 5 86 68 56 
17
67 40 72 99 63 12 7 16 21 31 42 47 24 25 55 94 83 
6
39 79 40 77 66 90 
8
15 77 16 97 9 98 32 91 
15
23 88 79 77 61 89 99 27 84 85 96 38 76 32 24 
5
5 8 28 7 33 
7
84 65 44 94 14 5 11 
10
51 88 18 36 60 8 31 61 58 66 
