5
68 96 
0
36 40 48 98 62 
3
46 74 96 80 
4
65 98 
False
False
5
54 76 92 96 80 
1
17 52 35 78 96 90 
3
52 74 94 82 
4
40 82 60 94 98 84 
2
35 60 58 74 84 66 
2
22 39 66 48 43 90 96 74 58 86 
False
3
32 56 90 82 62 
2
17 30 38 46 34 78 74 96 92 42 
5
71 94 
4
46 74 92 96 86 
5
75 
1
16 37 34 72 52 42 90 92 96 98 86 78 
False
5
79 
False
3
46 98 64 
2
34 68 58 80 76 64 
2
28 42 60 96 74 
3
53 84 94 96 
4
49 86 96 92 
3
80 
1
43 94 64 
2
41 66 90 88 76 
3
46 80 78 
4
57 86 80 92 96 82 
False
6
65 
5
56 76 80 98 88 
False
2
28 58 44 62 74 98 66 
False
False
2
51 90 86 
4
33 54 68 90 82 
3
77 
5
59 98 
1
33 74 90 78 
2
43 76 88 94 
3
27 64 44 70 84 90 86 
0
18 82 24 84 90 52 54 
1
36 54 70 68 94 86 82 80 76 
False
False
