75 47 44 37 27 
93 92 90 83 80 78 77 58 54 44 43 42 36 33 23 18 12 2 
94 91 83 81 77 68 67 63 54 49 45 40 35 23 21 20 16 9 8 6 
90 53 50 45 43 30 20 7 2 
85 82 68 57 52 45 27 23 9 8 7 1 
67 66 42 34 21 13 
98 89 80 76 73 39 37 36 33 32 28 26 23 13 9 7 
94 93 92 91 90 87 78 77 73 72 71 68 67 52 49 41 37 30 18 6 
95 94 89 88 87 64 57 49 45 39 33 28 25 24 20 16 15 14 10 
94 93 74 58 40 37 27 18 5 4 
97 90 88 82 77 39 37 25 14 13 5 
93 91 90 81 57 36 33 24 19 
88 83 79 72 66 60 58 55 52 37 35 34 28 27 26 25 9 8 6 1 
81 62 61 59 47 38 23 17 
96 89 60 51 47 41 38 32 25 16 7 
