5
22 
1
54 44 20 4 24 
2
50 26 10 22 20 2 6 8 
0
68 56 38 8 32 
2
78 64 44 36 7 42 28 2 22 
0
90 80 84 70 72 40 30 14 56 22 58 2 24 
1
59 16 10 2 
0
84 78 30 72 64 22 26 24 
2
86 72 76 2 15 42 62 
4
57 24 43 18 8 31 
1
63 30 16 6 
2
39 
False
1
93 31 64 30 28 14 54 
0
98 72 76 58 42 50 21 10 26 
False
False
1
85 62 70 56 26 2 22 
5
36 14 12 8 
4
56 30 34 22 4 6 26 
3
80 66 48 62 36 12 16 41 
4
35 4 
0
76 72 22 2 42 
0
94 74 90 24 45 58 30 20 2 26 
3
60 16 28 9 10 2 11 
3
52 2 22 
2
49 18 12 16 
3
66 32 52 10 9 48 
1
57 12 10 6 
3
40 
4
34 18 6 4 
3
59 24 41 6 12 2 20 
6
18 
False
False
3
64 26 34 18 6 2 22 
5
47 2 24 
False
1
58 14 38 
2
78 64 66 42 48 46 50 
1
79 26 62 16 10 2 32 
1
73 42 62 34 14 10 
6
23 
2
64 42 30 14 32 
2
59 22 14 4 
False
1
81 56 36 46 42 2 26 12 35 
0
58 48 18 38 16 
False
False
