85 83 77 69 51 47 17 3 84 62 58 48 36 14 
99 39 78 18 10 6 
97 83 73 67 65 63 15 3 82 64 32 24 22 
91 55 43 41 25 13 1 94 84 82 64 48 44 38 32 4 
97 93 87 75 63 61 57 47 23 7 62 48 32 20 16 12 2 
93 71 27 17 13 82 78 72 46 36 24 20 14 12 
81 25 21 64 18 
81 35 23 9 3 68 
93 83 59 45 33 29 17 86 66 64 60 52 14 
93 81 71 65 49 35 29 21 19 88 64 48 44 42 38 26 22 20 14 6 
79 59 66 38 32 28 12 
65 53 37 78 34 32 26 
91 63 98 70 66 54 52 38 14 
95 65 31 94 84 42 40 16 12 6 
93 85 45 33 29 23 68 40 20 18 8 
