6 10 18 24 26 28 30 54 70 72 78 84 92 98 31 37 43 45 51 59 
30 60 80 90 92 96 17 23 25 29 39 69 81 83 87 
4 14 20 24 40 42 50 52 54 56 60 94 96 33 41 47 55 63 75 
18 22 36 38 54 56 60 80 94 96 17 31 39 79 87 89 91 
2 8 28 56 62 78 80 84 98 9 41 67 89 
4 40 50 80 3 25 35 45 63 75 83 85 
38 1 5 35 57 67 73 
2 44 56 68 86 5 9 
12 16 24 40 42 72 94 7 21 25 31 47 55 63 67 83 99 
40 66 90 39 77 79 
16 32 98 9 15 77 91 97 
24 32 38 76 84 88 96 23 27 61 77 79 85 89 99 
8 28 5 7 33 
14 44 84 94 5 11 65 
8 18 36 58 60 66 88 31 51 61 
