True
304 331 314 351 397 329 340 390 404 458 569 518 390 571 434 579 740 456 521 651 684 593 732 726 617 613 452 857 572 686 518 588 679 757 888 909 573 950 675 693 773 736 856 983 780 875 965 992 884 756 759 999 884 523 
True
809 963 948 
True
267 308 311 383 339 351 433 647 432 514 399 810 482 467 596 799 684 447 518 623 621 460 550 865 811 702 511 589 598 968 919 845 872 773 752 704 643 871 574 942 735 731 924 819 684 
True
331 352 348 356 355 374 350 368 376 415 373 481 415 533 416 444 402 403 386 600 671 402 553 513 494 434 678 706 545 478 608 456 467 409 520 457 436 685 859 622 697 758 765 502 721 810 586 634 763 754 710 525 644 761 837 718 740 782 588 851 976 680 867 835 458 574 631 460 634 855 804 969 890 448 491 866 824 924 878 876 792 933 753 912 858 830 914 771 645 833 945 996 955 751 791 849 685 931 977 920 955 934 871 882 968 694 836 882 784 901 979 831 818 877 763 818 951 665 851 979 
True
198 211 207 225 240 247 212 227 278 302 258 291 316 215 263 230 315 467 703 331 421 408 392 291 381 424 350 282 465 579 296 336 783 402 392 474 836 751 738 557 371 795 525 832 476 545 530 326 380 541 411 605 760 456 397 660 681 708 638 909 584 626 389 571 929 845 816 521 845 432 651 657 874 990 851 787 846 896 746 891 772 885 408 967 936 813 892 947 917 866 645 939 816 973 925 705 461 633 806 917 987 453 946 935 865 819 877 524 824 510 708 867 
True
142 193 186 217 207 264 228 302 469 385 678 692 463 239 253 329 367 945 687 690 536 900 852 954 973 748 690 527 471 
True
935 948 954 951 994 957 971 953 962 999 994 974 963 972 988 990 
True
529 536 537 551 571 560 605 586 569 577 592 572 610 625 709 627 766 582 586 616 634 747 608 686 713 661 810 854 746 776 817 728 858 801 774 671 603 639 708 732 801 830 829 768 850 812 832 767 895 872 942 815 858 992 884 896 866 875 748 789 842 959 994 789 774 897 921 961 863 959 780 690 878 835 619 
True
759 772 775 774 783 778 792 782 849 794 850 951 844 813 812 926 806 911 898 851 963 984 999 995 997 903 936 852 905 858 1000 947 949 815 
True
630 640 644 642 642 668 651 651 670 655 642 719 680 689 669 711 656 720 690 718 700 659 791 736 759 696 691 700 779 704 683 751 822 702 669 927 953 850 928 804 840 798 881 983 803 971 952 851 883 934 887 925 950 830 878 935 806 943 963 888 994 750 848 903 810 928 889 826 886 909 888 
True
32 64 111 78 84 243 558 207 94 429 114 726 400 594 578 419 209 152 169 833 801 179 329 984 983 513 549 827 785 921 638 999 915 596 803 790 191 
True
729 737 757 765 753 777 819 765 887 850 934 946 821 829 968 855 870 946 981 865 
True
300 392 381 409 531 485 435 606 441 675 899 709 696 444 491 974 817 524 755 677 753 919 995 777 991 964 781 883 848 
True
389 464 616 620 628 671 694 669 900 787 709 828 991 873 707 928 740 
True
124 146 235 152 149 289 391 262 225 206 239 314 330 482 407 287 264 271 356 326 276 339 374 355 339 632 512 634 548 546 653 660 446 304 348 521 359 417 537 458 336 505 372 806 478 420 553 977 791 488 479 976 984 930 784 794 718 763 861 845 614 703 859 721 883 879 454 797 607 484 888 792 525 721 969 856 912 940 911 828 650 765 895 677 988 1000 625 
True
319 
True
100 113 124 135 128 207 127 172 149 139 167 312 350 473 243 178 254 218 175 219 141 517 234 331 669 520 468 762 516 398 289 245 438 400 313 638 338 310 220 450 381 141 265 557 539 354 741 916 909 881 676 807 648 776 973 874 980 758 993 716 404 459 923 971 407 837 874 865 507 727 994 900 921 920 624 942 419 387 908 895 833 861 644 923 514 
True
943 987 
True
738 809 834 833 814 853 900 921 921 886 
True
753 841 792 877 909 795 886 961 999 964 960 933 892 
True
783 
True
261 558 675 790 619 933 791 929 940 718 704 
True
707 730 748 760 831 772 850 905 798 934 850 832 787 862 857 990 922 954 885 
True
947 973 967 977 989 970 
True
788 811 793 821 823 798 798 962 843 861 826 805 885 876 955 969 967 868 923 917 912 835 954 993 852 
True
727 756 760 813 781 761 765 913 906 876 855 906 982 964 884 972 991 940 983 924 932 932 
True
296 301 329 304 308 335 347 372 346 460 361 536 370 559 488 392 523 416 544 497 461 567 469 832 542 655 404 571 690 604 625 641 406 674 700 490 603 553 595 984 692 788 590 795 994 619 749 877 984 868 604 688 683 538 616 746 594 887 975 916 712 833 753 990 900 904 842 920 887 942 723 846 570 
True
919 938 927 954 956 935 928 960 956 978 961 986 946 980 964 
True
831 855 863 875 880 885 935 951 959 919 986 951 991 967 984 981 953 
True
500 511 530 547 553 535 578 560 553 673 560 634 676 673 636 655 598 571 576 722 689 676 659 683 646 695 704 688 837 824 657 944 733 708 607 634 768 601 639 876 809 701 753 827 724 934 800 933 919 961 662 861 749 928 879 848 812 998 967 918 987 878 940 994 972 962 877 902 771 981 613 919 724 
True
62 78 86 81 84 163 113 173 93 289 251 204 174 139 217 181 182 122 237 374 422 456 284 254 320 366 304 348 213 483 372 261 259 290 262 205 153 435 284 444 594 581 492 699 467 345 314 277 395 832 409 468 646 592 376 567 647 582 346 576 489 620 481 523 591 528 466 292 434 329 521 448 313 345 200 602 564 559 600 997 968 822 844 722 714 854 505 745 871 765 842 847 668 984 457 923 279 624 705 881 835 595 571 793 577 711 996 890 853 864 441 840 666 780 777 711 587 751 895 593 939 697 573 993 986 536 824 994 545 621 605 683 540 551 480 940 584 499 897 331 452 600 928 948 763 771 397 744 464 413 
True
555 576 574 636 624 715 613 641 686 667 721 718 795 802 672 821 828 705 687 768 920 912 940 757 950 889 795 951 808 820 
True
652 712 948 921 
True
511 530 566 546 532 637 583 562 579 565 538 723 686 608 705 637 568 633 664 597 668 585 582 820 730 743 893 688 661 754 797 851 888 572 580 855 781 709 703 943 777 794 730 772 687 827 646 848 859 808 876 947 762 991 983 825 922 711 830 891 776 857 971 875 949 929 920 920 933 816 684 903 958 839 987 733 928 961 886 961 985 957 969 802 913 789 921 873 856 935 775 889 849 885 
True
471 482 535 503 565 637 593 724 545 685 654 660 854 697 626 816 812 581 548 800 816 720 808 783 808 911 870 802 776 645 650 856 909 943 943 814 812 727 666 
True
533 602 553 606 712 561 619 672 714 926 785 972 666 
True
433 450 444 456 471 453 466 538 508 517 513 611 538 488 468 554 542 573 519 665 554 519 534 665 682 618 561 616 555 549 519 561 595 756 713 674 590 699 710 729 709 604 750 534 586 577 713 782 681 744 808 784 632 745 573 955 676 564 692 822 800 851 894 852 705 964 607 969 962 795 768 886 786 868 988 709 961 716 735 780 926 850 949 953 764 1000 868 701 777 834 988 745 861 763 848 979 871 780 851 972 770 866 885 847 958 883 843 873 996 714 
True
623 649 645 665 659 693 724 732 669 695 680 702 705 746 787 927 811 785 876 772 855 693 829 731 724 884 956 862 775 878 845 929 935 816 882 854 798 926 960 969 797 860 905 742 810 907 977 995 826 776 
True
93 115 112 122 157 129 175 212 154 193 300 133 129 231 216 290 284 238 213 239 231 359 373 496 278 206 157 302 311 478 353 581 487 313 362 522 315 396 254 358 500 261 724 644 388 967 502 726 739 326 785 268 377 204 556 569 438 520 694 685 897 953 745 745 932 994 744 619 400 647 661 636 580 586 403 671 776 347 300 845 508 739 902 898 360 879 902 787 787 723 829 988 993 572 808 988 887 826 956 932 589 793 890 746 421 510 740 682 
True
373 388 386 424 410 427 390 472 449 505 459 449 432 408 454 516 555 476 480 569 532 483 604 456 578 529 504 665 466 456 552 650 554 740 703 599 480 508 593 761 699 592 597 839 500 786 606 539 477 633 718 954 845 803 912 698 915 496 575 559 600 648 651 862 777 666 623 823 745 808 707 942 899 802 954 964 848 685 908 980 873 858 899 646 807 880 839 940 994 944 769 980 907 760 836 792 809 821 712 913 667 819 758 961 983 860 850 818 877 924 916 744 722 946 918 781 
True
249 472 313 654 541 405 382 750 752 542 580 554 490 926 482 781 881 885 935 998 774 689 959 908 616 552 930 964 953 818 
True
287 312 315 318 319 344 320 347 402 321 331 418 453 348 366 348 462 422 456 443 527 649 568 489 584 584 516 652 487 494 681 376 384 501 617 459 595 461 463 551 446 601 556 912 669 647 824 518 501 832 687 729 879 896 733 697 692 739 603 716 572 864 767 443 449 571 711 788 818 741 660 987 662 902 784 901 695 547 546 784 560 683 541 898 719 639 619 997 970 846 955 753 929 833 872 807 705 726 587 859 906 811 687 896 896 928 887 935 974 942 819 764 710 976 729 885 905 981 910 796 887 867 764 917 912 805 899 751 703 
True
627 718 724 791 723 738 934 881 877 913 
True
848 882 919 921 926 926 924 935 967 944 991 947 995 970 998 943 
True
355 384 383 413 412 425 401 418 447 435 428 447 502 480 411 516 453 485 488 563 489 598 561 515 485 529 514 481 719 479 599 569 653 494 859 570 562 746 541 620 605 579 621 615 908 752 730 589 772 511 676 844 694 777 594 507 607 722 777 525 619 864 617 581 639 664 872 672 657 963 979 699 865 664 935 838 977 612 904 816 858 717 869 853 773 924 790 818 673 978 960 802 943 871 975 909 701 904 849 554 692 680 829 889 979 937 920 871 856 754 686 675 598 756 750 796 737 850 980 667 
True
463 735 731 867 926 973 732 
True
969 999 
True
606 686 662 687 712 669 701 774 702 747 725 681 730 841 713 776 782 767 765 813 834 740 814 797 695 779 761 870 892 804 968 806 837 944 810 889 874 837 953 839 870 975 896 815 820 826 855 914 872 747 
True
766 849 823 869 904 924 880 907 940 905 950 929 996 883 
True
654 703 708 719 733 756 731 770 776 766 753 782 797 892 819 850 889 896 897 953 784 901 939 839 817 973 913 921 911 933 845 879 
True
581 805 690 938 820 720 
True
969 
False
False
True
379 424 424 438 456 521 472 452 491 519 489 609 667 597 500 514 473 516 551 650 736 496 664 636 848 733 744 609 788 682 554 674 931 577 828 869 991 604 740 949 689 870 976 742 513 755 880 756 810 979 883 817 915 861 760 906 793 876 825 921 735 691 
True
206 679 458 875 1000 719 836 912 976 
True
169 199 187 243 282 226 192 330 243 304 327 478 283 294 223 367 472 616 539 372 856 432 746 749 594 347 652 374 696 379 306 611 494 659 543 652 853 808 674 879 817 931 859 941 726 812 835 806 988 746 729 811 721 696 868 694 670 873 764 728 457 642 510 
True
202 332 290 387 406 301 349 437 516 413 465 407 371 393 368 444 657 551 518 800 423 596 719 590 440 519 396 400 562 808 710 454 554 966 879 860 560 589 667 992 972 748 600 729 902 748 961 974 762 985 776 897 916 744 441 
True
781 891 814 990 952 906 900 
True
267 315 386 333 351 407 441 437 472 381 397 551 731 452 521 760 474 658 643 697 917 960 709 926 788 776 787 547 490 608 526 887 842 957 
True
499 533 563 542 538 566 711 713 629 573 952 577 998 735 728 953 886 930 862 828 
True
933 
True
707 715 714 728 755 715 736 782 733 786 845 817 787 784 768 787 866 793 870 792 802 855 869 834 819 947 836 943 848 965 989 860 797 890 899 955 877 938 893 805 879 832 923 915 987 938 960 916 983 970 967 948 968 945 923 
True
741 750 776 754 773 821 789 892 792 914 808 838 836 848 813 903 932 921 886 983 997 982 893 962 983 999 998 975 995 816 995 944 957 938 949 980 994 984 945 
True
508 617 549 714 795 580 651 885 834 874 900 677 638 887 951 922 910 837 938 886 906 977 909 828 706 969 893 
True
840 998 
True
875 954 997 991 
True
202 208 209 219 220 251 221 279 248 230 291 406 262 227 232 394 329 327 290 301 253 299 308 442 449 283 359 284 283 446 346 405 518 358 449 357 380 366 431 478 305 324 321 306 599 343 316 482 544 599 830 474 519 597 560 753 462 608 558 555 476 636 589 547 851 623 640 556 454 527 515 467 571 536 506 513 371 610 517 604 570 486 703 335 324 471 762 489 432 997 877 798 762 395 878 647 867 668 887 823 876 884 907 985 643 520 650 873 647 961 588 870 834 946 634 794 616 831 755 717 606 657 533 975 822 595 901 923 579 961 901 726 874 657 955 721 949 600 722 869 632 627 595 817 899 945 782 557 974 958 738 588 685 464 371 
True
498 515 513 522 611 514 515 642 587 807 906 565 541 577 685 686 896 811 982 989 907 911 973 868 703 552 
True
887 919 904 997 1000 977 
True
468 685 635 849 754 728 
True
117 139 141 166 279 462 219 170 233 353 405 557 552 442 235 280 249 255 675 485 377 566 432 685 680 839 636 689 570 281 322 375 362 264 452 256 869 875 989 729 609 627 633 697 970 686 562 978 881 1000 1000 882 964 958 859 745 1000 930 869 540 326 457 470 993 955 388 721 560 
True
367 387 383 395 391 452 384 430 405 403 445 469 503 390 470 488 495 462 523 450 690 504 606 586 537 536 562 635 569 566 472 491 665 507 496 655 474 525 561 451 596 877 707 741 631 740 843 632 780 591 549 658 639 618 760 856 684 747 681 923 702 898 691 771 524 816 709 914 546 551 653 944 658 613 874 628 933 612 740 602 702 700 822 891 913 927 930 989 916 757 951 854 989 949 862 919 891 798 818 900 680 589 561 854 661 660 714 893 873 817 979 923 920 850 839 806 882 849 
True
979 988 996 995 
True
135 270 146 365 342 266 319 461 471 433 360 286 498 708 418 976 693 959 994 783 624 607 381 531 395 
True
665 737 687 746 759 706 819 811 777 838 897 884 836 873 923 945 875 829 937 965 940 907 988 916 953 986 905 
True
876 889 892 894 898 917 952 946 908 940 920 972 952 961 997 987 950 952 
True
655 673 738 688 750 752 764 704 784 777 790 784 950 844 875 727 977 961 988 790 1000 849 802 916 977 993 975 979 918 942 891 788 
True
75 106 121 113 203 222 152 118 247 310 265 394 233 178 414 356 190 491 709 350 400 496 304 523 425 426 416 423 423 636 433 605 476 211 223 764 865 786 980 585 452 544 831 987 876 885 744 750 594 740 720 674 600 807 761 849 822 910 624 792 959 869 651 918 779 739 581 453 
True
349 379 382 428 411 399 513 449 533 452 412 413 400 519 543 535 509 556 564 462 818 471 447 447 499 418 453 557 554 698 656 634 702 883 533 870 681 580 608 903 532 819 862 538 565 480 488 588 575 759 668 575 621 478 721 694 796 606 960 852 841 944 742 738 699 711 973 952 894 879 735 871 966 834 888 656 743 853 795 966 906 651 563 930 910 944 909 770 569 605 979 785 
True
580 614 621 637 691 655 729 683 662 702 831 656 799 751 730 719 694 794 681 907 802 973 978 665 886 869 993 877 793 891 766 908 999 945 948 987 903 872 
True
556 580 582 586 592 591 642 590 613 598 708 620 607 751 653 693 676 641 673 736 618 819 749 632 665 750 758 784 864 728 721 695 767 677 752 779 662 698 908 993 787 736 684 940 950 871 815 797 679 897 934 817 898 911 986 917 937 935 980 773 802 823 968 893 900 866 854 732 
True
602 625 625 626 661 659 634 638 669 664 673 781 902 658 868 903 784 738 929 887 725 926 791 782 945 962 952 921 996 935 885 962 917 912 
True
79 145 176 173 218 181 184 299 278 459 392 561 198 794 344 590 392 816 316 666 675 707 395 689 837 500 296 822 968 722 607 753 956 710 843 889 818 996 394 
True
696 722 854 801 799 863 916 946 879 888 846 
True
498 552 526 574 607 586 786 606 706 835 859 901 674 793 806 751 862 982 768 906 971 871 874 961 956 692 
True
954 972 974 987 
True
74 154 124 268 199 163 126 397 363 259 231 255 194 145 129 552 465 405 370 378 474 762 723 364 327 229 199 453 736 750 151 589 737 943 772 756 445 989 433 999 537 904 833 870 892 791 835 936 492 614 880 685 500 705 230 763 473 875 809 835 869 618 407 
True
781 797 808 823 805 897 848 841 947 835 812 961 904 949 990 870 918 987 971 836 995 866 
True
505 610 631 766 635 642 664 771 893 694 751 930 745 987 678 952 796 904 897 832 
True
81 112 127 113 137 129 128 232 171 215 475 198 194 196 149 234 307 329 211 457 338 659 497 348 286 672 456 329 356 494 498 486 543 738 378 742 551 579 218 693 617 396 810 702 877 992 525 654 931 511 298 987 750 618 554 529 845 980 886 922 782 604 856 975 611 570 755 919 957 597 452 797 779 913 691 938 662 444 
True
416 447 461 506 466 483 480 581 538 477 570 730 502 659 766 749 739 734 673 577 702 721 607 992 774 572 507 880 724 864 803 871 786 823 831 944 783 880 835 987 586 
True
248 295 329 336 322 332 406 391 673 329 341 472 370 601 595 455 434 726 798 751 433 785 426 555 537 983 779 953 878 841 675 962 637 642 443 821 910 807 807 976 798 832 616 
True
380 395 396 452 437 411 399 489 466 602 593 432 455 410 467 626 495 595 646 615 626 665 712 453 467 532 470 447 472 686 508 707 642 813 669 724 700 704 824 807 678 720 665 793 777 918 739 555 894 720 530 890 557 718 966 872 476 857 874 810 847 867 539 714 882 983 936 856 868 822 895 894 790 876 933 731 882 953 973 914 869 710 892 989 810 804 964 931 848 861 
True
225 253 244 283 354 396 347 330 350 400 393 397 479 504 478 534 587 448 384 415 484 443 623 692 695 667 599 899 638 649 698 819 726 598 874 540 927 514 474 901 528 673 903 928 599 1000 897 927 924 822 704 952 742 705 750 979 998 842 732 938 794 
True
386 400 427 452 423 462 439 496 561 555 451 673 689 488 508 739 561 660 792 688 642 469 822 726 693 736 714 828 714 923 801 935 936 983 983 971 897 892 851 931 886 897 982 506 
True
910 
True
458 509 494 560 513 520 575 575 593 551 559 667 636 599 597 646 636 599 688 649 731 720 901 758 704 646 868 885 856 654 741 656 774 653 654 678 912 872 769 979 840 767 878 916 862 972 928 924 784 771 722 862 854 
True
109 126 152 197 129 191 198 293 231 142 167 222 363 332 206 362 566 361 334 205 261 543 177 533 239 390 468 530 703 669 267 438 383 696 669 524 408 497 519 274 586 312 497 779 955 729 578 697 602 932 728 765 862 785 771 845 693 818 762 918 760 770 958 981 946 792 411 899 752 752 773 989 699 804 741 731 925 521 625 289 
True
605 631 626 641 660 644 633 684 645 667 680 733 675 671 817 724 729 676 778 718 674 742 682 891 810 721 744 752 733 883 979 899 786 853 861 910 767 816 828 892 726 975 909 845 930 849 725 987 924 915 910 966 922 981 922 935 921 930 889 
