105
788 810 807 811 813 808 912 885 903 856 835 917 909 948 926 989 905 905 917 1000 946 856 935 970 974 968 963 
128
617 623 660 626 627 690 696 652 662 627 646 773 732 758 741 752 685 724 726 680 653 677 727 785 817 740 822 798 921 754 892 754 780 756 944 867 730 997 843 767 707 882 693 971 871 781 983 925 808 999 887 851 834 968 882 827 815 987 986 888 900 988 984 775 823 978 867 881 
False
1
5 30 11 35 32 89 18 64 86 66 41 148 113 30 131 67 222 334 502 268 310 59 57 188 214 237 213 328 275 317 167 421 286 411 325 436 755 796 623 600 429 320 439 511 221 69 144 283 266 317 318 902 469 247 388 450 421 679 327 659 505 760 658 966 921 743 662 992 661 763 713 639 674 956 918 860 807 834 706 708 614 811 533 950 931 451 509 650 849 485 465 854 211 348 438 1000 531 783 311 781 454 714 371 994 935 976 667 954 775 657 704 989 932 633 623 795 823 642 
20
136 153 158 157 162 173 161 184 196 172 280 307 191 246 240 199 216 249 316 302 365 322 290 375 365 248 387 494 278 310 393 383 477 377 310 476 340 429 562 330 509 703 482 429 439 370 698 816 412 551 555 362 675 422 423 701 555 469 780 432 401 632 552 446 481 744 872 404 395 960 953 666 710 592 904 625 502 605 728 732 423 566 562 948 862 718 521 814 854 843 808 520 680 774 704 919 936 979 565 636 716 610 968 643 590 737 705 797 427 849 799 911 932 691 691 736 839 850 927 547 654 471 620 830 906 987 681 488 
79
792 812 818 862 877 886 856 873 966 889 946 923 921 920 972 914 
35
630 705 726 889 848 777 829 919 928 911 920 891 980 938 887 997 942 991 991 946 
8
157 208 180 261 221 208 232 373 474 269 223 250 252 536 238 403 419 755 661 348 635 861 380 337 309 290 906 642 599 979 795 759 998 771 787 940 876 881 790 928 923 930 934 967 949 656 460 476 383 729 604 
False
2
11 42 32 42 52 84 52 74 60 169 82 128 84 153 172 83 164 61 126 380 212 143 193 135 531 308 208 185 207 231 224 261 359 306 403 551 614 403 365 594 416 248 555 399 179 608 304 333 427 653 663 470 380 282 366 249 491 677 358 710 594 372 938 850 350 650 550 568 545 750 445 967 831 877 950 494 412 997 931 811 722 585 496 860 804 668 667 693 699 658 620 956 779 384 355 983 582 647 491 996 886 856 748 822 526 784 547 735 408 896 818 704 297 
6
53 76 79 79 78 80 120 135 97 94 110 173 122 221 171 163 185 228 113 299 116 158 194 236 192 190 148 245 306 256 240 269 308 351 389 289 322 162 141 317 314 391 130 215 360 469 636 490 369 338 195 306 252 326 503 292 796 364 369 330 533 428 407 293 371 418 877 440 383 508 494 333 314 409 522 192 649 168 147 413 653 397 828 697 453 394 439 797 239 921 520 766 478 790 895 640 537 531 961 797 341 494 310 947 647 743 709 957 575 536 891 820 564 869 864 507 394 456 992 518 532 865 877 864 765 434 421 875 839 964 458 778 937 881 920 750 522 780 763 891 569 898 863 826 736 669 594 727 739 996 803 748 867 853 927 533 489 684 500 849 478 758 802 849 482 991 938 955 856 869 459 834 645 
5
68 110 152 149 144 168 211 183 186 160 294 442 540 401 283 459 328 551 584 774 321 843 503 580 750 627 860 963 932 726 842 905 714 979 815 806 570 892 632 841 967 835 705 
11
223 251 257 252 278 297 273 277 281 335 390 343 478 437 332 510 516 299 510 497 451 557 633 543 445 498 755 588 753 562 708 795 658 572 974 652 481 559 551 828 611 726 808 850 605 829 709 935 949 860 687 750 646 892 793 765 634 953 907 581 664 828 772 880 957 733 
22
403 442 442 528 543 492 514 596 657 651 756 664 652 772 606 618 666 843 737 947 749 814 872 989 908 685 656 973 836 721 713 769 
5
67 74 93 88 94 134 100 100 120 99 230 194 173 111 317 119 129 232 327 444 136 327 591 272 431 405 406 112 568 429 419 330 471 327 287 960 291 599 570 690 472 831 246 964 968 596 755 796 510 604 736 624 692 791 526 781 611 671 811 647 487 962 558 980 425 
5
47 61 64 79 80 65 77 90 112 135 117 180 87 85 166 342 119 178 246 333 209 277 149 500 533 166 180 318 284 506 406 435 390 400 257 202 316 487 282 542 476 547 738 277 285 486 418 838 803 573 574 558 183 582 374 391 416 679 471 574 519 557 603 645 781 474 575 615 428 424 342 610 616 958 388 667 585 576 570 963 553 903 487 785 718 879 782 740 314 409 835 652 680 774 806 973 889 844 911 729 642 806 721 644 787 708 201 774 901 596 531 753 398 778 583 974 896 699 891 745 601 885 672 676 664 614 707 964 887 858 854 954 484 894 594 922 841 634 997 588 578 955 927 
96
551 572 577 602 645 581 598 614 611 661 675 604 586 639 626 643 672 668 658 912 721 682 800 728 640 592 612 649 906 821 642 797 795 844 781 727 711 771 680 931 1000 754 858 859 899 816 939 814 928 985 848 933 884 976 665 875 805 948 920 903 1000 926 844 799 942 937 922 974 997 899 833 828 748 846 914 920 874 999 685 
10
804 912 
50
808 839 890 866 871 940 918 979 871 
44
550 592 620 634 613 673 628 732 739 735 812 747 686 723 698 826 848 875 755 812 808 928 841 922 883 721 775 762 794 914 976 969 907 902 935 937 937 771 846 904 861 936 896 
108
582 592 591 593 593 618 606 615 694 672 599 621 709 676 667 629 644 723 696 677 787 683 612 676 727 780 771 766 904 747 728 748 668 731 851 791 850 795 711 825 704 806 860 700 690 776 869 862 877 844 756 877 841 958 838 836 808 979 908 945 860 926 786 
121
905 918 968 948 939 989 976 973 983 971 
31
669 711 794 752 712 804 874 992 790 868 797 
133
718 733 725 749 735 742 802 766 759 738 802 747 795 821 915 767 819 819 830 741 809 889 837 929 894 801 957 999 831 976 980 837 833 883 990 853 848 847 927 878 930 995 886 914 977 964 955 955 985 898 
13
64 72 100 83 78 156 171 110 113 92 108 190 193 542 295 176 155 189 150 153 154 109 282 202 380 231 346 568 631 510 369 428 216 204 168 397 323 249 192 251 321 365 180 120 400 363 300 276 687 387 568 409 265 606 426 608 588 714 703 669 660 472 494 785 571 478 481 711 326 447 258 458 574 409 389 771 393 194 424 440 382 449 427 609 459 322 231 728 728 907 913 756 876 571 804 813 407 735 958 797 852 898 920 846 571 419 546 942 767 483 647 822 878 786 883 901 727 903 783 928 986 755 728 818 726 644 577 793 786 887 724 511 932 856 672 812 802 744 541 714 694 937 793 743 725 657 776 806 824 905 593 865 808 494 639 551 801 648 572 863 655 670 
58
292 330 313 365 330 363 316 379 408 343 364 414 405 387 370 414 431 432 452 383 343 395 365 423 548 548 539 582 430 586 477 548 476 468 459 451 506 614 467 758 411 440 497 396 398 427 542 673 640 736 567 735 667 632 608 696 598 450 465 608 700 677 503 574 1000 553 524 552 501 481 979 553 452 583 637 773 927 658 527 847 989 845 917 452 587 578 719 947 581 755 865 576 840 744 647 798 810 742 954 887 885 976 686 812 965 716 938 670 800 748 971 726 820 929 712 511 606 573 953 999 937 850 875 696 834 689 
134
688 700 708 718 726 740 734 725 741 756 824 748 747 740 791 733 733 770 744 797 817 834 826 755 885 855 778 769 800 816 874 886 761 775 752 872 807 781 749 873 824 954 976 871 984 875 829 821 888 970 957 961 987 969 928 927 891 997 859 905 986 924 875 922 946 871 
15
907 
34
379 426 476 444 442 529 500 597 471 526 443 558 702 533 603 874 641 762 606 667 534 532 448 564 678 729 816 540 769 901 782 981 927 670 656 790 864 674 778 841 913 704 785 797 755 643 452 
17
117 144 133 149 149 175 142 198 172 281 295 192 360 149 313 243 319 182 254 294 523 484 404 265 523 363 395 315 384 487 565 709 748 563 415 534 220 279 466 415 416 855 733 668 617 758 832 311 502 571 710 509 625 600 501 814 496 554 492 632 686 892 587 736 873 994 988 672 672 537 768 755 694 837 995 780 549 675 860 906 944 734 479 982 959 896 831 878 976 700 870 887 821 993 972 859 705 987 753 713 651 741 963 796 523 763 862 940 967 853 971 961 962 596 
63
756 783 814 872 885 887 858 965 875 957 957 893 980 919 951 990 999 951 
64
563 603 587 611 608 645 655 703 624 679 681 685 668 724 660 715 741 640 765 732 748 752 997 751 692 834 792 813 855 857 681 976 761 846 990 921 898 929 976 970 901 956 979 891 997 998 999 804 984 946 740 974 902 961 943 
7
519 608 748 840 949 795 943 976 
42
630 662 678 705 673 761 732 891 822 727 803 775 990 829 992 916 972 991 904 849 
80
682 693 738 698 732 754 774 749 699 760 795 795 898 832 779 884 788 807 710 888 825 823 937 820 867 989 921 937 911 844 827 915 927 892 926 906 982 827 
87
626 651 653 683 663 751 657 740 722 719 771 820 843 807 777 871 920 908 865 781 722 772 854 865 964 930 889 836 997 997 970 953 872 963 943 971 908 995 949 958 992 965 912 
115
828 842 842 861 852 867 857 881 921 868 937 970 914 974 932 939 959 1000 952 979 914 
16
207 264 242 280 312 267 352 379 295 374 339 456 437 410 567 543 784 528 447 467 577 475 646 531 502 646 750 412 460 781 572 763 885 910 790 875 823 735 765 878 562 630 610 823 774 980 762 774 892 697 916 943 932 
124
901 910 921 926 923 935 948 978 961 945 995 979 942 979 985 978 982 985 988 965 
45
446 463 507 532 493 604 511 677 691 494 506 671 636 656 576 680 704 950 923 888 519 677 835 752 858 780 769 832 843 654 787 871 842 819 933 961 960 958 947 933 914 924 810 
100
761 772 779 803 809 792 788 809 804 861 822 812 850 852 790 867 892 883 968 929 926 832 869 954 887 997 918 979 866 951 977 989 881 936 983 891 
67
412 423 515 441 433 522 543 538 556 454 521 719 564 590 548 630 581 631 819 474 473 545 614 806 807 571 579 667 700 800 956 639 860 620 733 675 655 860 866 617 843 764 769 671 843 735 902 939 1000 849 908 683 921 584 601 830 777 912 729 948 955 986 961 844 853 886 956 663 861 787 789 727 738 740 714 968 986 978 891 877 805 907 998 932 808 
45
964 993 989 
7
39 51 112 82 51 126 167 151 88 77 94 193 181 197 223 174 238 307 222 112 107 152 205 326 227 215 187 380 386 371 243 211 200 294 549 473 382 270 402 302 184 418 144 197 222 293 606 705 406 663 407 337 233 250 389 610 460 767 642 380 527 393 810 275 273 567 338 512 385 778 550 708 565 423 497 407 449 490 421 383 716 308 520 613 455 247 176 558 259 982 661 959 542 901 849 972 812 951 635 866 819 842 557 865 389 872 837 913 357 726 711 995 911 635 475 905 812 911 730 593 425 695 924 837 729 915 911 989 315 346 858 839 889 681 648 981 569 588 952 971 966 924 722 868 860 798 824 977 665 582 801 845 912 706 609 744 651 643 782 873 606 750 723 742 830 723 953 799 848 801 660 439 366 918 192 
21
329 363 391 414 381 467 399 419 452 575 388 544 490 785 789 533 444 553 641 617 619 438 572 994 604 647 686 982 814 939 795 845 903 504 622 900 760 788 677 775 623 710 708 884 707 
10
55 69 69 70 77 81 88 93 85 125 123 206 85 166 104 108 110 364 248 140 128 144 205 386 234 96 88 176 199 308 247 271 140 120 135 527 430 291 329 186 153 162 359 326 148 753 233 554 594 506 326 422 474 248 245 390 369 259 365 397 752 263 275 654 657 250 256 600 268 290 284 538 934 812 457 490 442 493 432 472 523 687 502 804 931 419 989 950 419 835 656 982 848 845 436 652 590 699 646 916 946 636 964 603 563 742 770 441 583 664 542 704 542 410 886 535 358 451 736 551 399 921 839 766 657 644 603 743 947 988 765 626 288 409 382 980 644 475 368 437 433 659 560 774 711 936 954 855 941 640 565 615 606 797 
False
127
793 807 844 837 904 846 870 859 881 952 958 847 850 930 914 861 898 925 886 959 997 984 961 861 911 855 934 956 972 954 926 875 
False
97
582 625 595 659 684 595 660 702 700 742 695 716 645 672 749 727 773 783 762 775 781 710 788 802 791 713 833 758 835 811 894 987 863 775 813 806 877 981 1000 978 934 878 799 871 823 838 965 804 896 935 976 926 820 
20
241 282 278 297 286 296 304 299 364 320 398 411 318 364 304 314 409 368 375 366 434 468 515 448 433 341 506 443 511 306 464 627 490 655 613 419 445 410 714 493 578 811 558 705 487 715 627 836 681 626 477 374 498 755 572 577 445 654 561 643 541 524 998 888 905 978 667 918 752 879 784 579 468 824 461 578 991 958 880 972 775 980 932 905 841 979 592 894 826 966 658 957 719 974 867 995 930 695 683 805 758 769 674 726 418 
1
223 430 862 968 551 
35
889 921 
108
630 643 666 651 677 694 674 657 659 704 690 749 701 696 734 749 708 695 686 713 804 734 811 756 752 841 862 827 770 829 735 789 750 906 814 757 916 734 808 837 720 849 869 853 769 845 996 877 793 995 865 977 980 877 870 879 912 845 928 887 997 815 950 907 881 1000 957 909 978 958 874 
104
882 909 924 959 914 949 990 961 983 986 981 
38
882 
55
950 991 
10
69 91 79 123 115 121 90 309 234 165 158 128 124 135 152 428 347 248 238 217 455 310 224 143 131 330 293 407 175 347 290 715 482 756 445 608 306 632 248 501 514 623 678 659 374 493 483 564 184 886 331 506 546 701 311 774 570 291 347 708 607 376 889 878 782 743 507 819 892 597 561 859 856 498 492 655 981 587 298 615 590 806 951 964 853 860 827 893 700 849 713 582 523 631 635 836 572 732 224 963 900 698 532 587 532 739 646 871 789 768 579 948 916 595 927 431 
0
28 41 111 46 147 236 122 65 138 190 261 359 773 261 232 519 238 264 325 191 422 348 299 574 800 844 826 869 434 507 376 933 719 732 834 885 501 894 829 881 309 539 489 664 709 509 
168
987 
99
592 640 609 706 640 632 618 722 709 670 686 668 651 640 643 818 728 781 760 787 671 828 911 711 746 709 718 659 644 734 788 862 835 780 738 966 847 939 939 981 884 910 864 874 891 930 978 760 929 917 908 978 832 778 942 930 969 767 758 
74
659 690 691 724 703 736 697 777 746 719 758 758 798 703 754 837 795 790 792 775 953 893 859 876 866 998 903 784 965 924 948 892 975 985 970 852 933 904 941 777 
19
400 437 476 603 699 553 719 670 904 849 820 895 903 856 839 681 
85
770 791 818 795 832 853 956 869 810 995 886 936 936 999 985 988 871 978 
29
290 316 324 320 334 342 371 353 350 476 368 439 562 396 771 355 557 431 395 510 521 374 429 457 618 567 805 693 396 821 877 694 741 588 666 631 857 452 533 587 793 703 729 604 788 535 515 670 739 695 787 600 914 996 909 813 752 675 724 896 866 884 900 779 856 858 765 829 688 922 780 745 644 968 999 762 757 
65
441 454 455 474 489 458 497 479 514 508 660 513 595 514 630 486 533 629 690 532 563 703 786 558 586 610 706 596 522 806 634 735 552 755 533 882 695 815 805 802 881 669 669 896 719 794 910 746 805 908 668 903 969 867 996 726 899 710 793 974 922 881 802 948 971 692 624 
29
856 902 941 957 944 
33
694 794 752 838 887 759 788 877 842 917 960 800 1000 881 955 905 938 974 939 942 999 976 976 879 
84
740 763 752 780 778 783 817 879 825 817 803 907 822 924 884 946 956 850 840 923 896 902 979 927 974 977 862 
0
822 969 890 
64
875 891 933 951 903 964 936 991 963 944 924 
5
146 224 343 337 612 472 564 627 626 713 913 532 929 982 999 980 845 753 
174
925 937 960 966 961 981 993 988 966 978 
21
188 204 240 270 205 409 250 290 486 278 220 459 435 332 591 685 329 779 664 301 545 611 345 721 639 475 814 726 979 723 641 974 873 623 485 954 935 670 689 457 909 956 724 639 635 947 847 
6
108 124 204 156 332 313 211 209 482 415 340 338 445 314 426 302 298 492 738 679 481 447 615 525 685 593 856 731 621 588 572 655 656 346 396 664 613 939 859 713 916 949 511 522 725 827 846 791 671 704 937 751 640 929 857 968 956 821 630 974 754 615 661 963 740 824 701 747 527 
155
818 824 840 839 844 879 848 841 884 861 866 968 985 852 868 909 845 904 970 898 933 924 998 982 985 989 998 955 907 922 914 949 961 926 
10
52 83 95 93 201 211 97 98 134 210 220 215 226 105 220 151 121 151 393 317 308 283 317 456 217 295 658 176 217 435 221 238 303 152 297 471 728 438 551 326 528 440 337 374 513 482 784 496 471 550 317 455 728 734 764 744 226 528 347 528 524 555 527 502 513 494 591 518 187 317 432 805 717 738 925 468 854 735 700 646 372 865 741 850 756 587 631 854 601 852 735 528 524 928 822 952 762 872 738 920 847 956 605 899 533 947 794 848 891 880 891 772 846 501 474 609 851 912 527 536 689 854 853 751 842 704 943 900 815 564 693 570 518 755 891 752 742 795 314 
13
124 147 147 196 194 153 151 229 201 237 212 204 164 277 156 311 309 432 273 290 530 239 254 271 229 222 289 292 296 504 214 325 440 348 567 501 434 560 415 372 860 715 867 288 245 525 301 693 493 634 742 556 302 794 538 532 441 685 481 717 673 682 415 585 380 987 457 509 878 717 622 782 595 603 457 938 574 561 479 898 711 925 863 929 795 889 987 959 435 459 445 690 779 904 558 935 704 939 816 783 742 991 753 882 604 614 833 805 883 556 838 931 940 851 449 800 716 643 847 839 966 721 954 992 688 982 522 
91
611 638 646 657 653 686 654 703 689 794 740 765 688 779 673 828 735 704 712 814 923 890 809 884 768 726 891 803 873 793 907 843 854 775 778 929 859 900 884 832 862 988 985 896 969 843 828 
61
856 891 920 942 922 945 989 993 981 981 944 
59
626 665 686 699 668 778 715 714 854 797 677 782 850 799 772 833 777 859 885 863 858 778 685 833 832 982 869 851 896 945 908 980 882 969 780 961 997 988 890 1000 977 949 946 985 882 927 828 
23
225 252 253 275 287 338 270 375 329 339 300 467 390 362 397 698 382 564 342 433 591 372 325 648 673 612 732 489 472 732 758 705 841 423 449 629 571 417 433 614 442 947 653 792 840 393 510 854 884 846 757 937 882 783 864 982 957 871 584 917 882 882 928 738 798 925 912 494 694 691 620 888 873 835 905 484 
16
303 329 321 350 486 329 376 398 395 492 493 354 359 391 548 482 469 583 596 691 655 665 587 768 640 471 851 622 773 620 997 639 583 498 904 876 674 935 937 980 753 804 759 803 701 996 877 920 769 802 715 
13
274 296 312 484 350 356 387 514 488 404 614 356 577 501 621 847 758 662 802 600 563 810 673 472 932 713 632 840 938 938 980 943 848 873 763 828 779 837 860 818 639 674 
31
185 195 221 196 205 225 257 288 200 206 226 313 234 264 395 472 310 285 282 211 253 234 289 384 438 404 279 410 341 402 451 499 489 438 331 336 331 453 331 298 548 363 339 352 439 298 674 448 483 663 486 424 803 385 476 514 517 457 625 793 586 527 523 684 820 618 541 600 607 651 480 829 414 351 833 514 462 374 400 497 305 605 776 374 820 736 772 476 484 744 486 497 993 703 826 752 960 561 982 869 975 525 649 536 493 996 824 399 551 749 826 949 704 519 587 721 738 789 669 858 943 883 817 994 808 692 573 836 916 907 891 765 968 861 713 760 743 779 672 739 709 563 947 905 907 793 673 588 369 906 851 524 851 570 940 864 385 
114
592 610 611 624 617 613 628 658 663 642 653 667 617 668 754 660 734 698 692 722 831 659 756 719 744 629 627 760 822 816 800 771 828 746 831 707 806 693 729 899 819 886 970 696 688 808 967 735 811 794 805 991 922 831 922 829 827 931 966 982 868 813 990 899 832 950 997 828 858 928 865 938 982 871 974 916 842 794 951 917 962 970 854 
4
177 359 683 461 847 714 986 966 805 
0
67 120 159 177 122 460 303 350 218 444 350 513 583 713 478 712 618 571 349 900 687 822 808 761 859 961 882 895 886 690 
8
126 140 185 148 143 188 298 274 180 155 377 225 333 537 440 340 504 258 377 331 473 606 602 557 379 377 685 645 549 561 773 528 470 844 542 366 275 578 464 337 761 831 789 617 740 722 932 584 648 764 452 895 752 888 995 792 908 808 575 747 948 967 815 993 791 912 604 846 871 1000 635 968 496 386 834 799 611 810 469 858 503 
15
553 722 655 734 772 681 684 817 773 853 854 693 
110
854 882 882 901 901 896 914 921 964 910 960 968 991 998 962 988 972 966 968 1000 931 
20
344 372 379 472 373 396 383 508 605 533 443 523 660 448 424 567 783 760 672 534 852 462 756 745 877 983 816 611 511 686 899 686 683 968 837 799 993 764 970 860 943 892 903 703 531 
139
890 921 913 925 928 944 935 935 937 968 973 983 995 969 967 
12
797 852 848 951 948 860 
71
599 633 621 743 666 653 630 746 810 713 761 747 704 805 644 869 954 884 914 854 933 902 959 913 994 939 859 992 896 971 774 
False
93
661 664 665 677 672 678 672 857 678 681 710 718 746 681 790 919 930 767 931 850 993 922 768 965 974 805 765 877 684 914 982 939 954 987 938 876 825 966 965 851 
74
476 484 491 525 537 548 504 577 538 589 581 665 558 548 510 596 663 613 598 624 601 627 581 677 842 583 609 580 622 569 568 770 723 852 722 645 688 602 699 834 632 667 869 910 627 887 661 907 748 936 951 734 732 948 948 668 908 698 779 738 684 777 854 827 794 926 849 856 859 844 962 867 705 879 995 634 
58
574 591 594 627 679 637 594 698 675 724 729 770 746 620 690 705 860 710 680 729 826 857 926 872 847 763 773 854 938 840 887 994 735 949 889 714 985 924 709 
103
571 589 590 606 613 661 635 631 610 650 616 689 687 782 672 750 722 677 682 654 703 688 664 694 841 749 737 885 863 839 699 845 852 785 746 753 874 718 759 822 702 741 994 983 941 733 865 883 983 857 883 901 832 964 862 959 974 877 958 846 925 847 798 860 852 956 984 931 799 840 902 755 
