100
86 299
651 153 390 312 185 31 79 686 390 888 178 992 131 70 314 142 780 573 613 286 95 249 215 617 11 153 857 732 340 434 518 84 30 309 138 456 48 240 404 293 736 518 884 262 397 569 965 1 217 756 759 999 452 81 950 571 231 572 588 329 166 593 757 103 273 679 875 884 740 25 675 351 726 983 579 773 521 331 909 693 856 523 458 68 67 684 
16 809
826 875 948 658 609 279 142 43 161 204 277 541 963 579 602 705 
57 251
799 467 383 46 460 482 216 447 643 735 399 810 271 135 596 647 773 339 518 731 514 702 845 865 308 598 550 574 143 968 433 14 872 684 752 704 7 871 432 942 623 621 924 819 67 301 69 311 919 511 197 202 684 351 811 589 24 
172 330
448 298 171 458 600 481 350 133 622 355 252 494 525 831 979 685 697 356 824 82 368 771 996 634 754 882 837 763 782 226 945 969 156 890 192 376 80 866 912 586 758 290 671 373 833 751 553 849 931 279 871 177 694 882 75 99 706 313 588 348 295 416 721 456 89 914 876 933 409 924 240 678 520 478 491 324 142 878 87 976 792 49 753 415 107 968 765 645 502 334 402 955 810 59 791 374 513 139 763 920 54 934 710 415 46 434 114 784 761 266 979 285 818 877 20 533 545 665 288 173 332 29 157 851 680 181 818 835 94 169 96 574 444 59 858 836 460 634 175 901 855 851 402 101 457 352 403 467 436 804 608 214 685 977 951 386 859 119 955 718 17 249 631 334 274 183 24 644 740 867 171 830 
139 193
326 867 170 207 41 35 296 657 205 885 947 461 424 660 816 432 708 30 105 408 813 866 925 411 291 935 456 929 851 909 164 651 783 227 402 467 836 48 896 891 557 967 421 134 258 939 392 203 380 917 453 247 150 350 160 103 681 638 106 579 584 66 116 35 751 132 846 392 474 315 194 211 166 990 278 703 87 746 738 331 772 149 371 302 936 169 525 832 408 476 240 545 148 973 530 705 291 633 806 541 987 381 946 865 605 760 316 524 87 510 397 215 917 282 874 845 465 645 819 263 877 212 795 892 626 389 787 571 230 336 708 225 81 824 816 845 521 67 107 
33 134
471 852 302 536 104 954 186 329 945 690 678 228 463 253 239 367 138 687 469 193 385 32 207 264 973 748 690 527 692 94 174 217 900 
188 935
308 359 948 405 727 558 472 437 134 654 954 610 54 373 222 896 867 191 175 999 20 341 971 585 271 468 449 845 47 499 171 808 616 357 414 226 870 974 468 212 523 530 910 438 345 953 182 112 711 171 629 774 532 269 79 704 452 212 962 630 530 888 287 316 719 438 28 847 942 883 857 495 881 729 870 189 370 176 232 17 462 165 578 587 413 656 778 988 937 226 813 146 613 523 102 326 392 113 145 643 352 249 636 293 573 180 246 199 990 126 470 927 52 862 723 755 414 420 652 78 719 380 573 137 884 27 830 617 111 795 46 622 227 791 628 67 653 698 335 82 511 700 721 369 351 957 810 951 730 531 223 879 429 298 422 994 177 589 524 927 907 270 709 787 722 782 972 963 994 25 47 14 97 511 48 864 327 233 97 639 363 353 717 880 400 775 463 385 
166 528
571 147 537 961 258 810 120 812 634 220 197 686 801 7 380 619 766 661 273 147 732 215 608 34 690 605 774 288 171 728 709 801 112 832 872 817 458 183 551 560 532 222 175 863 850 232 895 492 42 21 713 273 104 306 273 858 774 746 30 353 896 363 582 897 942 150 878 393 405 536 280 260 234 858 298 671 164 106 200 498 789 246 169 503 835 829 125 90 255 959 875 77 401 337 449 767 884 520 112 572 216 780 51 527 959 83 429 397 370 378 226 255 610 438 484 776 358 921 72 93 166 57 592 854 768 577 435 789 361 46 276 586 368 10 506 479 994 200 378 497 842 184 639 526 586 270 830 603 569 815 165 708 992 328 747 625 531 334 518 748 627 866 616 227 343 140 
174 759
252 926 37 321 270 792 26 947 452 267 903 672 341 353 506 62 325 911 995 411 131 806 997 702 689 336 275 394 698 775 499 567 114 565 38 517 166 744 718 794 963 690 936 693 762 628 850 762 504 772 184 110 64 844 329 25 159 459 783 898 735 740 674 117 1000 253 335 269 401 142 465 266 208 813 452 758 527 409 18 29 125 200 163 657 715 186 551 404 949 812 732 379 306 905 214 727 451 580 201 749 557 79 143 151 355 109 197 59 552 212 269 558 102 651 582 782 610 555 519 465 198 428 849 509 50 127 535 479 654 725 540 231 851 458 538 224 984 534 703 233 651 359 84 384 231 476 36 229 774 174 4 482 858 18 852 541 504 371 607 320 553 394 778 121 122 439 141 461 383 951 999 815 307 532 
190 625
219 200 830 328 216 256 700 704 179 484 644 953 424 651 889 826 798 387 341 334 26 983 365 934 335 963 45 689 475 556 888 711 925 416 656 79 573 65 300 567 779 881 639 603 199 390 53 213 460 270 190 382 804 502 103 139 192 404 927 107 806 135 88 886 354 888 149 499 552 124 350 218 640 517 107 651 850 759 720 118 691 497 221 642 431 810 439 803 659 229 135 690 719 125 791 221 415 168 401 571 158 421 52 680 952 49 608 909 233 177 273 883 751 628 263 536 267 547 943 670 57 994 418 750 950 669 683 369 57 160 378 452 928 669 489 848 321 668 31 174 552 642 200 487 736 878 296 700 642 334 403 851 290 163 507 840 525 581 971 887 73 239 29 655 696 247 935 928 240 370 529 389 604 442 903 702 376 455 213 55 822 624 22 470 446 617 398 316 65 718 
38 21
84 78 983 94 51 111 785 999 790 833 179 513 400 558 921 596 419 207 191 801 429 114 329 984 726 243 549 827 594 638 578 209 915 13 803 152 64 169 
58 727
198 41 585 672 575 358 765 271 235 946 5 575 734 291 227 737 168 551 121 696 656 757 887 946 865 116 829 292 551 593 968 324 821 765 568 15 194 683 708 719 934 657 819 402 460 870 98 737 777 753 238 850 855 981 685 508 205 160 
41 287
240 781 777 381 677 435 315 44 964 197 899 48 232 64 491 817 606 524 755 883 753 287 531 709 991 485 696 444 207 848 974 181 675 314 409 995 205 441 64 392 919 
34 377
325 410 991 669 628 230 337 740 709 928 464 359 319 383 283 39 1 110 828 873 47 154 694 707 166 10 616 81 787 369 900 86 671 620 
95 112
488 607 304 374 359 977 794 113 792 677 634 355 930 546 845 721 446 146 856 828 650 206 239 330 314 976 235 718 763 653 391 348 879 287 262 721 525 417 911 372 765 336 625 912 614 505 1000 339 791 479 289 632 83 784 512 482 41 34 548 407 124 703 859 660 883 454 264 797 78 484 888 521 152 225 271 149 356 940 537 141 458 326 895 52 276 51 969 806 984 478 339 988 420 861 553 
3 285
277 388 225 
92 94
310 400 762 218 381 916 350 127 167 135 874 312 64 124 107 407 245 338 128 219 514 141 354 331 676 807 776 758 473 716 289 172 438 507 727 638 920 942 387 895 141 265 62 517 57 234 741 909 207 881 669 110 648 468 973 874 980 516 993 398 404 459 243 971 113 837 178 865 313 254 91 900 921 624 175 419 220 149 908 833 450 861 644 923 539 32 520 31 557 994 139 923 
160 935
657 480 15 659 525 706 339 468 941 66 306 398 27 896 412 637 567 721 581 344 479 954 260 123 648 280 512 766 106 311 698 218 32 720 426 250 808 269 898 573 769 215 340 206 504 759 363 123 770 917 690 674 628 79 279 157 176 656 835 784 675 50 761 327 634 482 617 898 640 463 739 861 850 610 512 250 13 159 150 383 419 216 437 69 592 71 758 168 372 781 794 695 644 864 93 589 775 774 78 290 672 168 89 607 880 517 340 895 773 31 267 150 21 886 417 187 860 830 795 540 849 784 285 9 763 737 679 491 73 422 847 663 249 449 909 170 598 44 13 610 939 325 474 384 987 142 887 66 393 600 314 882 85 415 66 50 14 860 669 358 
30 727
85 853 900 814 280 188 106 833 834 781 161 190 18 403 921 681 921 64 39 809 762 283 27 583 49 594 603 393 886 472 
56 738
477 303 9 131 497 960 117 204 703 412 792 431 228 649 568 877 589 200 428 211 886 341 489 601 513 964 933 198 712 723 771 569 841 659 477 154 131 347 45 18 43 909 186 795 892 999 179 763 412 208 199 961 673 32 579 646 
10 772
46 662 375 210 56 385 682 695 357 922 
13 148
619 790 933 718 558 675 90 929 940 704 791 9 474 
78 701
262 186 857 463 698 659 850 324 551 227 599 885 635 379 10 405 315 109 675 565 128 787 832 122 447 194 831 627 905 798 662 669 862 421 517 145 85 684 265 664 371 633 562 38 330 492 990 772 600 934 730 604 358 678 570 371 726 922 238 455 88 507 532 337 362 850 954 528 170 760 106 186 231 26 428 528 748 570 
124 937
312 247 419 97 457 970 455 722 430 319 677 851 196 879 616 908 526 468 306 830 977 4 765 510 851 486 281 515 789 863 97 681 823 797 45 865 288 388 452 24 692 456 874 116 220 942 276 406 485 561 382 400 651 213 439 23 989 847 832 560 752 742 842 225 120 365 727 517 13 9 380 796 563 308 578 964 403 199 330 10 918 189 115 750 911 370 923 8 857 640 125 222 115 673 241 227 537 109 760 437 223 568 259 398 967 191 230 54 723 874 227 363 447 640 653 541 925 973 381 574 653 641 74 774 
172 786
249 229 876 673 562 164 44 268 342 172 434 136 288 595 826 485 488 805 811 300 579 967 223 535 601 392 623 452 12 235 220 792 821 572 146 345 923 210 217 215 382 823 843 643 798 119 634 455 499 634 221 868 122 252 162 534 102 221 697 290 793 762 658 917 538 168 791 46 386 301 670 50 835 567 739 709 955 230 340 654 16 62 664 534 690 670 912 170 969 694 485 59 267 741 203 46 364 680 540 798 570 292 522 319 31 306 861 238 520 746 357 128 753 993 596 700 680 279 454 387 441 385 728 229 94 572 257 355 283 456 678 181 954 793 21 175 165 676 9 403 563 731 611 962 305 292 625 679 671 366 559 544 339 678 117 497 58 766 463 600 125 727 885 335 852 763 218 537 344 413 132 94 
82 720
366 579 982 599 876 392 402 151 932 924 906 684 781 99 278 972 717 593 246 200 318 271 1 633 191 473 5 148 855 512 132 360 358 932 913 71 765 422 606 761 813 12 475 325 515 756 335 380 339 269 513 634 125 983 39 884 63 643 707 224 421 620 195 249 403 964 906 760 991 32 754 523 378 247 506 940 442 507 106 68 332 338 
111 293
990 163 234 460 32 168 690 641 846 308 301 868 173 347 25 253 920 125 346 222 110 590 887 335 842 217 538 746 594 13 488 68 904 700 166 143 55 788 595 224 994 301 73 162 567 469 189 70 301 152 984 370 162 749 833 179 297 559 975 604 712 329 753 900 392 406 372 674 152 942 211 570 625 490 603 984 553 292 544 138 497 795 692 877 461 304 416 34 231 194 688 619 361 571 887 832 536 723 523 655 542 220 683 916 48 604 232 33 616 6 404 
178 916
556 665 850 61 897 726 961 765 157 570 447 251 417 123 111 925 504 849 401 143 843 397 43 248 827 798 317 851 598 389 808 690 928 853 249 174 318 956 681 112 890 986 892 545 24 980 905 345 47 954 199 745 737 457 183 694 215 584 233 246 964 864 3 141 354 848 109 702 334 786 202 960 792 633 720 439 935 739 857 78 739 869 855 749 927 692 755 978 298 308 523 550 739 432 395 956 631 938 83 390 734 862 755 506 627 342 611 172 533 290 113 603 398 109 150 901 581 670 288 697 27 410 921 608 51 628 205 620 798 839 789 879 366 332 360 510 402 878 476 414 81 406 698 82 905 362 15 542 370 862 675 615 229 27 389 841 608 443 718 386 389 761 373 663 438 896 88 455 793 907 524 438 946 502 876 83 797 292 
122 821
176 798 276 138 647 399 135 689 572 427 951 685 41 880 393 167 605 959 991 588 747 217 46 679 421 71 517 807 200 110 984 384 618 649 259 429 582 133 285 677 311 708 773 919 741 535 48 986 96 687 60 224 315 400 141 765 419 953 402 93 967 108 32 846 263 438 678 711 346 650 951 653 314 676 100 704 470 981 296 824 257 575 863 580 762 573 875 546 885 855 555 72 194 81 596 768 685 175 18 732 162 822 935 206 243 493 594 227 422 781 462 583 545 360 149 464 705 403 197 617 350 794 
168 499
419 238 673 302 560 683 408 156 65 827 196 902 724 211 453 688 16 553 258 49 146 918 163 676 994 380 33 483 423 824 204 933 413 708 753 163 394 185 636 944 325 981 216 313 553 659 510 809 70 646 704 395 535 272 322 256 72 634 248 439 934 154 243 109 722 800 390 987 962 967 607 576 444 12 119 733 601 291 303 435 848 477 972 547 701 961 384 676 475 812 397 724 861 655 225 418 30 451 530 287 634 695 332 998 430 202 37 401 878 259 78 187 578 36 92 511 269 361 877 81 81 657 344 22 191 265 379 673 560 458 359 107 504 467 940 224 928 598 662 689 7 403 613 879 571 308 919 80 469 837 768 340 347 919 876 43 390 639 273 446 131 749 283 771 292 211 251 121 
162 57
139 182 84 948 345 277 213 994 47 444 284 174 793 777 217 292 259 448 897 997 581 699 44 204 881 577 890 113 29 573 536 528 8 940 331 237 744 435 559 422 822 374 854 467 456 251 457 254 395 595 571 468 711 864 592 840 348 9 751 593 697 986 372 523 591 540 551 434 78 262 93 771 345 313 844 284 564 14 74 996 289 81 594 722 714 492 505 745 871 58 842 847 668 984 314 923 279 624 705 832 835 320 409 11 366 163 86 304 853 441 376 666 567 780 647 711 587 346 895 576 939 17 483 993 620 481 824 545 261 621 605 683 466 181 14 584 290 499 173 329 452 600 928 763 397 153 205 200 464 413 521 602 765 36 646 122 600 48 582 480 489 968 
71 550
171 125 757 313 768 568 821 557 820 459 127 912 795 342 525 124 525 538 576 8 721 231 416 380 951 889 940 808 481 310 574 43 920 306 269 299 686 358 58 402 667 395 473 672 828 624 715 366 231 950 718 705 802 519 613 391 329 117 362 342 795 56 687 152 641 491 290 18 79 636 54 
20 624
948 356 350 99 428 394 130 452 45 686 921 383 643 303 33 712 671 423 552 70 
174 508
331 794 67 775 404 848 921 86 703 315 117 47 37 684 305 375 762 913 117 423 920 873 407 177 132 489 608 849 258 303 797 3 546 568 802 839 191 777 859 219 222 255 789 585 687 827 315 723 470 275 943 743 416 463 637 688 1 830 273 180 165 377 442 637 358 562 949 44 875 825 455 288 985 633 283 947 820 961 409 730 597 120 225 876 445 922 929 772 37 935 385 582 496 381 102 851 340 244 486 991 29 106 961 983 686 776 857 530 566 286 920 886 583 889 10 711 24 661 430 579 781 754 326 971 207 422 705 958 413 227 808 646 13 933 372 572 888 318 376 816 885 903 303 35 349 195 86 891 126 928 856 733 709 969 59 957 532 517 855 565 151 730 987 132 580 358 893 344 520 664 342 7 538 668 
82 469
593 909 503 95 458 854 480 239 581 288 253 295 247 197 90 482 270 427 816 301 458 212 421 259 84 195 535 776 174 328 89 645 650 468 724 720 943 545 666 565 800 216 62 814 271 943 808 783 660 331 911 870 351 802 548 330 697 149 217 169 626 249 242 415 370 812 426 654 685 466 727 278 808 61 812 206 414 48 77 637 816 856 
34 525
317 714 538 238 606 712 785 487 232 561 535 672 328 413 313 16 133 135 926 602 972 262 619 666 14 366 508 308 422 546 141 20 553 156 
184 427
611 885 561 780 676 564 63 420 100 229 843 453 316 337 468 701 341 764 450 709 953 174 861 979 744 847 442 958 162 221 425 555 756 277 795 886 508 456 866 228 180 259 287 595 852 745 763 230 780 207 378 632 618 873 714 800 99 224 90 962 549 53 38 705 561 353 318 125 534 344 542 374 444 376 590 682 488 716 735 325 692 577 517 428 357 883 554 158 301 710 770 961 713 471 848 665 782 681 111 972 420 218 125 538 784 108 65 118 94 988 573 964 955 616 309 699 768 171 319 389 466 61 674 341 225 163 167 408 786 969 277 1000 554 607 538 414 713 850 288 272 331 53 322 270 275 709 729 573 851 926 604 280 341 868 519 55 988 112 258 949 187 665 822 894 851 519 323 153 289 85 808 6 750 996 871 534 777 519 745 834 868 586 513 196 
147 622
731 22 116 531 860 631 270 72 596 109 732 218 272 785 354 862 252 929 316 884 995 907 229 484 263 8 460 377 189 603 258 535 977 424 797 520 503 311 845 577 4 556 390 258 693 451 645 609 311 855 787 318 776 7 724 46 432 339 816 665 960 969 775 574 390 659 475 798 926 415 185 956 510 471 300 529 927 544 313 935 772 500 437 55 695 350 49 742 680 181 854 136 29 84 140 614 70 480 358 392 414 459 247 146 40 562 544 396 702 504 265 451 810 669 878 811 503 905 693 705 410 594 565 622 28 826 501 422 594 882 829 332 332 517 724 341 649 610 304 876 373 52 573 551 65 746 306 
121 88
157 290 268 213 239 826 302 745 347 358 787 133 62 897 685 313 2 636 82 157 261 300 373 785 726 95 682 311 175 63 953 212 487 112 284 586 238 396 154 193 739 360 724 723 80 967 51 988 31 932 589 746 510 829 739 793 569 572 359 216 478 353 745 581 122 994 744 619 400 362 661 522 580 403 315 53 776 254 300 845 508 500 902 898 115 231 902 787 644 388 35 988 993 502 808 496 887 49 25 326 278 102 129 421 206 129 377 740 204 556 647 932 438 879 53 520 671 694 231 890 956 
186 369
908 792 592 160 665 744 449 270 28 120 351 318 529 722 769 707 118 323 65 980 211 459 954 718 261 427 198 648 781 103 408 516 289 918 386 480 449 166 850 360 13 505 532 496 70 34 606 539 821 913 578 131 32 803 268 466 946 43 623 600 559 85 651 188 650 472 554 9 67 858 2 104 22 802 165 508 121 873 685 575 37 862 432 290 845 141 79 157 266 5 786 195 500 760 836 135 124 60 456 667 633 819 758 961 104 860 168 818 877 924 504 390 698 915 323 839 899 102 129 273 454 745 456 666 126 907 317 942 352 944 378 954 348 172 899 555 823 740 777 11 808 807 271 128 476 599 334 170 964 424 552 916 848 337 377 593 912 480 319 569 209 105 336 410 940 880 365 646 809 239 300 839 980 712 761 477 388 994 604 699 597 983 483 703 309 191 
41 203
120 752 552 953 998 405 964 190 300 542 580 616 194 818 482 51 930 185 472 541 774 689 959 908 554 382 490 190 313 201 202 926 781 885 750 654 881 935 168 109 27 
173 284
711 145 79 649 42 807 710 23 846 784 753 501 896 117 320 751 987 60 547 683 788 997 587 687 832 879 935 107 487 366 259 262 26 56 805 347 223 885 456 556 165 541 796 669 331 647 824 726 705 453 584 56 584 516 251 692 652 348 603 74 867 312 197 449 348 905 571 864 501 887 741 71 402 833 256 461 910 463 872 551 443 166 899 601 942 277 619 58 912 301 955 213 568 196 319 90 518 489 110 859 344 418 687 729 180 68 887 896 974 145 733 764 697 976 729 315 739 981 122 162 110 572 764 681 182 275 196 703 443 595 970 196 376 784 384 917 245 462 818 660 906 617 898 494 459 662 94 819 422 912 73 896 64 46 695 928 560 102 318 811 321 546 269 767 716 902 446 527 104 929 719 901 639 
18 588
723 913 738 409 14 718 724 934 543 684 461 202 679 111 271 791 881 877 
100 843
175 55 749 242 688 684 222 505 643 532 468 435 582 110 464 336 298 831 722 545 620 628 141 682 141 399 213 454 926 197 227 507 312 794 69 926 867 772 68 282 947 427 389 620 534 297 126 991 157 967 133 675 295 37 72 461 924 411 54 12 714 144 177 998 816 480 42 758 589 919 716 257 537 935 944 771 186 921 429 970 721 995 504 736 164 293 554 842 25 790 518 801 645 657 170 943 560 300 882 284 
191 355
871 239 139 489 271 772 140 300 176 412 615 529 286 74 864 73 859 328 653 676 579 428 908 93 511 76 777 675 206 872 667 418 146 621 384 869 943 612 67 790 620 214 69 488 118 447 871 909 701 178 447 844 937 754 282 133 481 722 265 90 963 979 977 639 581 215 672 838 383 850 65 485 46 858 664 605 290 541 67 865 598 563 856 562 401 259 561 9 960 978 904 199 66 22 730 118 589 515 849 554 23 680 829 889 425 920 112 502 514 8 594 480 507 234 750 719 737 411 52 249 282 816 619 599 283 617 208 197 796 569 935 56 183 516 692 282 494 657 87 853 413 479 453 699 818 570 777 980 196 802 55 128 255 717 184 525 127 268 147 199 773 746 251 435 338 184 246 664 607 162 686 904 694 190 279 979 22 673 756 341 147 598 752 239 485 379 226 975 924 176 16 
11 361
926 502 122 731 158 4 867 621 973 735 732 
48 951
706 970 351 740 133 925 929 920 299 692 650 629 104 446 121 660 775 343 624 535 11 740 499 757 818 603 21 565 227 886 549 537 451 22 532 605 999 299 39 237 995 108 665 796 577 634 351 857 
137 572
810 814 761 681 834 806 251 339 765 352 747 266 713 889 240 686 815 968 494 323 519 870 352 747 408 730 116 450 510 782 538 345 287 100 61 874 553 837 44 826 437 75 173 304 203 953 447 324 695 350 252 516 175 3 115 346 52 872 316 18 837 376 342 369 153 813 277 975 222 40 338 378 61 22 412 414 841 797 767 712 101 944 60 219 547 820 449 273 725 349 740 320 26 398 561 129 570 236 701 222 804 405 262 892 573 557 340 382 108 779 774 687 669 896 870 914 241 202 776 11 662 645 222 555 198 16 224 391 297 839 505 417 219 702 143 210 855 
76 763
38 907 883 273 681 417 541 615 149 169 198 430 637 705 330 486 823 732 645 562 156 302 242 723 321 579 905 95 553 403 392 83 209 137 96 929 657 226 343 523 185 413 41 313 414 100 849 25 880 446 556 9 108 486 649 924 904 869 733 950 614 603 344 79 466 468 781 224 996 566 940 577 775 622 722 258 
91 649
414 133 817 933 145 850 324 330 776 378 784 8 300 879 819 913 622 319 460 523 643 753 770 418 415 766 21 492 643 355 973 146 250 255 628 312 733 202 176 901 239 664 516 180 99 258 387 889 319 896 703 839 597 242 921 608 382 144 178 411 363 892 731 557 532 635 756 939 529 617 719 797 953 911 588 474 782 270 210 845 51 708 313 505 175 652 629 615 897 314 371 
17 549
363 387 538 501 720 251 805 663 266 690 820 412 283 36 475 938 70 
61 969
489 292 390 533 695 952 735 921 652 576 564 702 129 293 874 973 826 752 512 644 982 384 427 681 593 361 232 243 544 897 305 785 103 503 391 868 129 150 953 415 766 782 840 161 108 228 245 835 358 862 507 365 473 534 741 440 403 84 375 660 828 
7 822
443 357 866 639 625 397 918 
4 844
352 603 341 962 
113 365
214 674 519 424 140 521 609 424 793 736 740 47 825 315 921 577 357 304 47 755 190 876 52 609 472 500 345 173 301 110 103 74 452 114 92 551 742 604 91 949 66 123 180 496 513 340 664 861 744 473 24 817 870 184 124 883 352 788 88 76 735 554 869 931 181 514 58 175 991 15 976 438 516 181 491 406 253 135 125 146 691 689 733 456 83 136 38 77 682 489 636 906 86 760 298 756 848 158 828 345 45 103 94 232 344 880 667 915 134 979 810 597 650 
9 135
912 458 206 875 1000 719 836 679 976 
73 163
181 594 226 931 879 696 457 243 808 817 941 746 35 694 184 835 472 853 652 746 856 282 432 749 46 721 283 374 873 379 642 670 812 243 107 988 539 125 674 304 372 199 859 151 726 327 187 806 13 478 729 811 347 652 868 294 192 764 696 728 223 510 306 611 367 330 494 110 659 616 543 8 76 
65 192
124 879 974 444 992 748 133 560 423 406 729 407 519 371 710 916 454 518 589 189 127 71 45 396 440 91 744 393 808 290 748 554 231 966 657 860 551 516 387 800 972 413 600 596 332 465 961 762 590 985 776 897 153 441 301 667 400 562 172 368 158 349 902 437 719 
33 770
419 172 765 952 906 602 728 519 364 511 649 140 990 805 891 664 744 743 52 388 649 652 659 431 814 741 765 499 107 266 140 900 57 
45 250
186 887 788 188 168 452 407 437 917 658 957 70 776 547 608 40 474 235 169 298 381 709 697 926 551 71 787 386 490 521 441 333 842 160 760 315 472 643 960 526 351 12 731 397 267 
46 498
429 227 577 886 319 531 278 573 240 930 445 563 448 124 728 953 711 86 239 372 998 566 410 366 274 421 215 862 355 828 476 475 391 381 542 439 298 735 317 538 952 629 533 713 331 301 
27 927
340 330 196 591 760 367 890 846 357 637 416 976 573 745 695 549 260 767 30 555 315 895 136 243 311 912 687 
200 704
438 30 244 819 140 6 236 433 480 122 525 817 249 418 479 42 145 987 870 834 538 797 151 714 641 715 503 970 565 768 404 185 533 349 490 593 205 333 121 915 500 57 298 125 452 278 595 848 787 6 106 61 323 649 276 504 332 462 654 968 322 307 505 786 648 879 237 626 175 266 26 635 113 541 391 535 657 412 453 474 855 439 6 782 938 989 356 447 522 364 393 836 945 556 411 877 616 802 684 674 603 113 226 755 281 679 549 899 714 321 667 64 707 141 893 565 26 163 485 358 890 694 923 965 372 367 509 49 793 682 16 251 938 627 135 368 866 504 262 270 80 792 516 637 184 50 943 39 657 112 955 947 860 805 197 31 715 469 669 81 78 193 438 562 23 916 728 115 199 73 52 733 453 701 948 787 578 618 983 631 199 219 832 736 409 536 56 960 923 869 784 573 547 845 245 257 113 90 363 967 
151 740
157 191 555 386 194 397 426 886 509 268 597 361 469 453 695 321 14 152 997 699 195 689 792 587 848 495 773 332 509 982 738 86 921 999 746 309 52 637 646 548 754 370 343 962 322 349 241 378 402 617 645 182 462 694 836 38 121 659 380 733 975 657 998 944 517 338 3 210 244 553 157 125 203 244 995 220 270 161 162 345 327 690 227 693 821 745 430 808 957 789 656 39 242 893 444 677 546 436 17 271 980 750 37 1 776 443 432 233 476 892 994 932 197 111 138 914 394 177 409 150 589 984 424 838 672 413 995 816 313 2 688 429 903 502 48 676 949 63 983 568 687 413 592 75 565 945 721 938 813 286 983 
59 503
938 893 499 378 214 638 900 834 549 885 795 87 395 951 651 343 346 910 124 36 72 828 886 19 18 278 210 714 465 580 468 274 922 489 489 837 126 249 909 44 874 246 63 319 617 527 272 706 220 477 887 906 977 64 969 677 271 40 432 
19 825
504 998 304 297 525 856 989 171 550 221 217 125 336 478 371 383 496 13 229 
26 871
418 440 828 715 318 673 691 136 36 954 692 665 330 527 614 724 266 856 70 568 412 997 991 833 923 663 
181 201
647 817 449 634 547 520 870 923 600 685 703 85 123 108 47 327 371 248 38 321 308 128 299 177 35 474 597 794 284 476 589 29 726 556 869 380 357 366 647 570 874 471 59 610 432 798 395 544 442 5 884 985 262 127 961 462 227 137 558 606 446 975 221 173 851 207 28 721 279 449 627 205 945 557 506 513 371 722 431 136 230 2 305 346 324 253 901 220 640 25 877 762 343 316 291 482 867 114 406 823 84 830 208 283 643 519 251 873 359 560 588 834 753 946 201 608 616 283 755 717 555 232 533 822 636 595 209 579 219 961 405 394 623 657 955 454 949 358 329 632 527 595 515 467 899 782 571 536 974 958 188 588 290 464 657 12 182 517 518 478 45 738 668 486 878 831 301 324 650 335 907 876 901 887 762 489 599 306 604 997 599 
48 493
911 611 459 296 510 703 552 811 173 906 982 541 8 256 209 686 989 363 362 515 807 72 515 868 565 419 514 479 577 48 685 642 896 513 973 522 148 587 379 295 2 477 443 496 907 28 420 488 
52 879
497 560 238 104 904 904 484 24 291 977 601 919 112 119 117 849 757 124 280 96 495 491 884 377 409 274 375 856 443 194 208 262 166 53 296 174 833 794 106 175 654 997 255 824 1000 767 781 216 499 41 872 435 
13 450
180 685 482 271 243 635 849 397 728 504 754 412 384 
75 108
540 993 881 675 729 264 442 46 139 166 405 462 552 745 141 280 633 686 375 353 627 46 432 685 1000 882 859 281 930 457 219 104 388 83 249 697 256 875 989 485 609 377 279 566 970 8 562 978 138 557 680 839 964 958 636 689 1000 570 869 326 235 322 470 112 955 362 721 560 1000 46 869 255 170 452 233 
167 366
525 684 919 20 635 314 806 99 377 64 372 632 660 771 383 507 923 474 612 42 303 248 854 900 279 661 817 923 43 286 989 524 747 658 387 395 19 700 252 562 843 877 391 989 151 606 949 589 798 185 549 658 503 893 45 313 74 681 300 566 702 472 271 430 229 839 101 546 87 551 740 691 332 862 405 523 741 561 168 602 702 144 317 403 913 927 362 504 160 631 951 445 740 45 297 586 37 59 818 680 591 537 561 854 639 536 714 452 618 760 39 856 920 189 246 569 882 849 944 470 930 390 308 262 979 240 384 491 488 891 152 816 665 159 128 933 115 898 495 496 690 653 208 655 874 72 462 613 171 193 757 916 628 224 709 822 891 850 707 469 873 282 451 596 780 450 914 
170 978
408 421 31 89 775 530 907 194 605 740 150 959 582 483 223 52 934 624 272 315 176 440 528 655 303 183 305 544 649 150 744 340 656 910 394 561 35 700 651 142 995 775 599 542 682 243 586 209 333 949 299 862 382 668 466 980 836 988 124 964 464 454 561 826 671 398 633 289 757 972 818 281 816 189 408 579 327 439 333 84 525 371 773 8 522 996 676 659 635 677 425 123 35 545 579 169 942 494 253 165 421 789 554 117 944 754 972 371 248 21 414 913 398 942 708 610 127 388 94 698 176 824 597 77 305 884 80 807 451 139 452 84 406 283 561 490 233 776 759 82 278 438 866 23 635 299 343 950 126 645 937 235 130 281 152 797 627 983 632 22 6 193 50 74 796 918 978 230 789 216 
25 54
270 471 531 360 433 498 708 693 365 624 607 319 395 418 286 976 461 959 994 783 135 342 381 266 146 
73 660
988 687 173 145 282 666 573 571 965 838 907 553 674 629 923 875 365 986 533 41 884 179 905 506 313 836 40 777 654 607 420 811 258 47 113 319 829 662 431 354 945 759 431 402 178 897 457 953 505 819 340 362 4 937 83 513 254 295 88 75 327 737 916 172 940 621 258 706 523 36 746 372 873 
127 875
153 815 139 278 806 606 156 279 342 437 518 940 820 952 586 887 457 458 946 997 40 419 297 719 715 143 135 468 835 695 972 421 253 458 666 210 53 343 62 920 203 458 233 683 640 2 615 753 221 950 344 952 849 134 109 142 185 14 620 369 104 179 763 860 391 658 883 894 321 375 215 381 199 584 49 186 346 952 917 260 734 623 479 203 641 142 578 898 961 8 414 545 812 302 801 227 106 694 88 22 547 830 61 490 889 68 608 759 419 339 807 807 19 987 783 540 88 386 24 535 276 343 908 177 892 732 570 
104 646
790 64 950 255 738 156 844 790 217 369 378 673 244 184 498 251 119 364 916 977 514 918 45 777 521 612 650 316 55 396 961 784 270 988 19 242 98 993 429 117 15 423 333 381 546 564 183 704 635 234 979 327 36 891 425 230 402 391 70 875 601 77 764 100 594 640 506 977 593 788 942 136 596 750 61 122 849 784 356 512 596 273 468 287 12 1000 266 415 802 727 688 453 752 117 242 292 220 335 305 975 502 436 651 666 
76 61
476 394 425 792 585 17 423 310 624 452 885 9 426 152 39 918 453 865 959 211 544 987 496 523 720 674 807 106 423 121 651 739 356 636 247 876 203 709 980 17 350 400 831 99 265 744 304 750 594 740 233 600 416 761 222 849 822 178 72 414 2 869 433 605 779 190 581 764 113 35 223 491 17 118 910 786 
127 331
449 656 668 565 179 554 513 711 319 903 532 621 575 311 309 111 428 871 149 819 447 326 488 910 606 16 742 841 382 312 743 738 634 272 735 533 681 44 853 452 9 157 909 770 538 785 8 588 796 852 966 862 211 966 400 557 818 519 656 286 412 605 883 379 535 702 973 952 509 879 106 870 556 290 888 52 564 208 156 462 215 411 563 930 255 944 72 569 471 9 979 248 53 377 480 447 399 413 575 894 759 499 37 906 215 698 418 478 453 960 721 699 694 834 230 580 944 608 323 533 651 194 795 543 208 138 215 
96 579
73 978 999 530 203 655 751 162 233 247 448 239 515 83 794 583 96 993 799 702 135 140 166 265 89 512 621 494 831 729 877 987 87 945 694 67 188 891 614 113 352 40 258 501 408 168 793 41 495 56 656 295 518 385 436 691 553 185 308 730 460 766 973 683 189 719 229 134 397 903 219 19 138 662 497 570 536 591 508 82 948 869 79 908 144 154 665 681 6 83 802 455 872 886 637 907 
180 550
429 255 80 39 736 183 121 673 302 28 150 402 324 642 224 238 590 937 313 329 388 387 519 252 897 178 351 676 254 106 693 543 265 443 758 815 261 22 166 401 736 320 168 87 192 336 105 156 412 99 950 571 223 433 500 190 480 908 582 653 190 752 92 482 586 9 536 247 340 532 767 297 202 327 332 400 993 199 620 598 62 968 539 186 732 524 986 55 665 536 911 499 592 73 391 797 864 751 679 168 304 38 9 613 267 898 940 784 442 900 866 464 234 404 632 387 607 320 67 819 728 935 802 419 356 471 189 328 227 684 215 854 205 917 749 203 415 489 360 787 773 240 677 893 779 69 641 871 662 591 105 698 363 823 6 22 618 353 721 3 580 934 695 28 534 427 166 544 750 167 323 403 202 708 306 980 152 28 380 817 
92 591
263 347 634 320 544 781 625 115 554 51 23 36 659 658 487 614 319 328 358 427 265 277 331 664 340 28 902 246 543 626 460 996 921 661 782 638 784 55 234 291 372 617 725 903 673 917 547 478 168 45 625 669 868 285 282 436 738 55 185 129 218 196 498 574 213 962 486 100 127 962 105 214 426 136 354 929 324 912 791 480 952 149 945 885 140 887 59 385 253 935 926 315 
41 78
753 181 561 707 843 500 794 710 816 218 459 296 184 722 145 392 299 889 996 392 675 173 395 689 837 198 18 176 968 607 344 590 956 278 143 316 818 394 15 666 822 
45 692
604 564 565 585 656 146 879 57 671 863 846 263 238 801 716 491 628 237 449 24 643 854 297 722 95 263 602 184 572 946 670 42 111 799 186 691 888 916 347 161 563 508 456 437 226 
62 493
154 768 42 299 906 526 260 364 167 289 552 586 387 956 706 414 68 24 574 40 871 793 193 476 786 874 495 179 285 607 170 190 26 862 241 361 320 45 426 961 13 209 835 520 901 475 971 172 859 55 41 982 58 606 674 193 413 751 692 806 199 194 
130 943
550 972 932 37 145 743 156 785 776 592 436 352 916 642 923 563 19 676 555 143 744 195 721 41 792 821 286 229 83 249 225 416 653 116 9 245 585 221 736 6 276 253 229 694 519 111 291 382 271 326 256 523 445 187 296 780 926 987 97 172 810 469 106 514 809 433 847 231 974 136 752 162 605 898 385 689 243 385 159 108 486 166 310 495 612 85 883 203 970 16 906 51 236 415 596 858 578 316 360 934 20 909 771 827 741 49 945 163 608 303 683 716 441 322 498 442 270 935 158 196 12 184 737 454 726 89 264 737 377 402 
67 73
397 465 763 433 791 936 614 51 231 999 378 685 151 145 407 552 943 445 405 9 474 870 49 364 492 500 705 736 473 835 126 892 723 772 363 756 370 989 107 537 199 904 259 154 762 124 835 327 255 199 880 163 229 230 194 453 129 875 809 750 30 618 833 737 589 268 869 
110 772
697 624 717 386 579 677 112 542 162 378 231 399 110 289 387 971 904 841 476 186 477 866 995 580 243 252 536 34 823 488 835 234 566 699 343 254 768 357 805 687 987 118 170 116 698 480 30 501 300 141 264 669 608 223 787 961 218 393 848 619 990 6 808 37 68 298 309 918 655 272 772 80 623 463 377 793 520 949 45 406 577 404 70 61 673 73 797 836 398 286 812 497 513 897 637 870 539 167 197 319 61 380 44 129 48 440 131 467 225 947 
44 485
235 745 930 288 339 678 23 302 267 642 664 261 987 554 66 771 176 897 220 832 417 467 751 24 193 313 766 10 359 635 904 426 631 610 270 952 39 694 80 121 796 893 183 478 
86 77
149 975 194 738 886 554 356 779 338 234 702 654 11 196 922 486 5 693 938 21 112 113 992 198 298 750 456 529 128 79 498 452 570 232 378 797 913 329 662 457 617 755 810 659 16 497 525 348 931 511 286 987 672 618 129 103 329 980 127 494 782 604 56 611 171 36 543 919 957 597 307 691 742 211 551 218 579 444 9 137 856 877 215 396 475 845 
75 416
702 502 279 734 483 361 42 326 364 417 880 831 313 774 400 506 447 206 538 987 384 607 430 46 77 581 786 944 783 739 864 295 344 823 721 153 253 880 45 586 871 477 577 245 90 570 835 992 730 45 51 572 659 65 269 480 197 724 749 461 803 766 204 359 673 128 282 54 294 57 333 507 466 384 18 
55 239
537 962 370 642 976 89 953 726 295 433 785 472 751 406 595 637 162 277 336 426 616 252 142 555 111 93 391 601 878 841 675 70 455 59 443 821 910 673 322 329 798 832 807 341 807 226 798 983 61 329 779 434 332 149 104 
146 376
236 13 804 112 869 626 532 704 872 615 712 395 203 447 686 714 110 595 731 720 368 793 112 175 807 931 718 964 399 882 508 15 918 283 669 30 700 332 646 296 678 347 602 777 861 593 739 857 894 973 26 470 665 105 396 150 476 373 472 810 983 80 710 810 856 220 411 123 894 217 847 790 189 223 933 14 452 953 466 914 113 437 282 989 136 665 626 312 848 966 295 301 330 13 336 432 555 257 453 467 720 813 351 223 340 71 12 455 272 874 83 83 489 822 890 353 410 85 530 328 143 936 390 70 467 56 539 892 29 255 277 824 642 707 348 495 557 9 895 724 876 882 377 867 147 868 
88 225
901 108 77 474 330 397 842 149 448 443 51 924 952 698 347 534 598 927 742 638 400 54 189 161 233 141 115 899 478 794 81 726 283 587 210 599 540 599 667 528 20 162 235 928 393 62 897 927 35 396 704 124 176 705 750 62 504 197 163 36 178 649 166 819 244 822 174 998 673 695 938 350 874 253 479 384 514 76 103 415 484 1000 692 354 903 623 732 979 
78 378
506 660 983 216 289 983 726 206 362 642 288 51 739 561 488 371 423 897 251 688 555 369 347 95 892 110 70 439 936 228 122 271 462 561 235 714 792 27 243 931 886 451 982 469 69 822 26 673 285 923 124 689 140 118 736 828 971 8 427 400 508 399 935 693 111 496 384 801 851 144 137 452 305 714 6 186 897 126 
15 859
981 277 117 135 463 755 662 862 22 361 17 518 694 870 833 
108 440
560 179 599 646 758 353 161 731 261 513 148 924 65 166 597 84 774 297 667 784 868 656 559 327 688 7 928 646 99 856 862 66 58 704 636 979 599 274 66 308 389 398 551 722 862 767 720 840 654 206 381 494 878 240 10 653 575 362 520 118 741 459 61 24 481 184 912 300 771 654 769 221 872 77 435 257 155 81 916 124 318 301 885 81 2 575 113 114 176 509 901 59 192 86 243 171 593 636 268 678 45 854 199 271 171 649 148 972 
88 100
533 785 197 981 362 239 845 699 50 261 779 191 765 760 332 142 669 519 731 167 497 177 32 602 932 390 468 818 530 918 770 411 293 899 752 524 741 231 46 289 586 958 32 4 955 729 578 697 222 152 728 98 862 363 771 126 198 703 121 206 669 267 98 946 438 792 383 752 696 566 773 989 408 804 361 497 334 111 625 205 274 693 129 312 925 521 762 543 
144 604
440 472 400 680 892 598 966 752 767 180 849 391 987 909 631 447 495 411 828 567 193 682 35 208 733 580 883 726 57 321 504 915 778 733 361 924 160 573 215 179 88 359 282 10 742 214 4 132 277 930 910 298 721 935 922 423 105 371 891 399 612 660 817 531 641 810 140 355 981 899 259 530 404 379 861 260 480 645 418 975 170 184 205 667 62 145 416 845 910 429 342 363 744 725 459 610 979 561 162 786 521 889 552 255 644 921 422 675 472 626 552 346 684 371 445 816 671 633 381 583 235 301 44 371 572 922 930 83 718 853 159 676 366 335 724 729 195 40 12 270 96 674 317 22 
