100
132 785
204 510 905 16 805 485 427 523 810 540 444 917 335 666 333 246 596 684 418 583 656 379 500 233 316 647 19 511 753 419 36 970 495 716 558 807 905 571 437 532 909 524 935 55 96 657 72 168 607 498 344 533 615 627 103 264 96 926 811 611 520 614 974 903 618 362 362 52 765 917 708 191 441 948 606 638 253 229 288 285 602 603 524 646 701 785 488 156 196 622 747 107 357 145 835 416 963 478 654 808 552 813 676 594 760 370 514 717 912 470 989 318 449 554 946 131 856 763 218 278 968 856 39 288 390 72 355 1000 430 515 235 885 
196 613
882 479 209 190 384 145 798 493 882 96 660 568 166 541 135 426 183 147 727 944 817 988 626 332 867 280 347 3 767 358 741 851 534 677 986 867 165 558 900 680 125 277 315 20 843 732 82 268 277 569 531 892 559 515 26 456 474 426 696 251 219 780 627 871 616 773 402 275 447 211 627 112 594 138 498 259 510 84 63 474 266 999 14 295 216 7 256 752 785 552 416 97 46 622 9 529 781 978 546 259 887 968 178 740 983 245 233 276 925 551 756 217 372 815 881 199 131 827 142 87 138 264 758 523 598 195 535 423 987 588 693 775 685 553 193 822 531 410 823 589 68 730 541 533 346 652 274 281 89 82 623 590 407 571 35 8 430 19 834 371 971 754 690 707 921 534 473 337 189 475 997 406 24 620 169 315 264 439 38 209 475 984 724 293 497 41 726 808 198 653 646 754 888 468 662 269 
41 997
369 653 361 967 768 40 955 9 298 635 76 307 147 977 123 110 123 90 957 542 575 777 543 761 863 362 209 557 426 62 281 674 480 833 349 90 661 17 351 721 436 
119 5
213 334 1000 411 485 57 659 67 66 614 35 148 775 989 421 921 763 436 623 310 1 59 854 266 317 976 667 317 662 167 760 421 743 992 32 86 755 807 834 268 429 950 451 650 30 348 9 283 311 454 318 994 131 657 247 450 623 679 642 505 30 658 18 966 286 64 11 661 325 713 222 639 674 956 918 860 796 706 502 708 600 811 533 931 320 439 509 41 511 221 465 211 69 144 438 89 531 783 188 781 214 714 371 935 902 469 237 954 113 388 704 932 328 633 327 795 823 849 275 
148 131
51 477 816 157 423 691 590 481 552 302 520 248 23 310 471 53 666 710 605 732 948 808 429 636 555 191 422 494 736 12 632 110 199 423 216 429 476 625 249 172 562 718 703 814 280 370 704 919 979 551 412 173 737 797 849 911 469 246 850 547 432 830 987 488 446 744 953 377 395 839 134 592 340 42 104 105 196 81 316 162 330 566 509 365 53 482 521 322 854 843 439 290 680 774 698 150 936 375 565 158 716 365 307 643 362 705 675 427 387 59 799 701 932 691 555 91 161 25 116 240 654 401 116 48 906 681 393 383 610 562 968 780 99 904 872 502 404 620 960 728 310 862 153 927 93 278 184 41 
95 788
463 561 507 921 672 746 767 503 716 319 481 667 72 889 660 288 677 64 337 741 462 59 13 349 75 920 255 15 164 746 339 923 650 405 331 308 390 873 223 972 139 759 406 421 756 798 308 33 328 527 406 743 966 781 374 856 946 383 38 314 385 158 119 244 877 338 396 335 647 812 256 13 763 14 120 692 703 862 800 104 14 143 559 738 623 395 486 691 69 914 769 818 1 886 764 
55 610
919 63 295 291 5 150 28 46 299 598 920 829 373 545 928 705 346 182 346 911 991 166 185 593 483 946 938 362 218 658 726 848 480 942 628 513 160 889 209 891 45 139 997 137 442 991 541 122 980 411 259 777 887 233 237 
59 145
476 635 261 759 419 290 795 250 940 928 861 82 232 876 208 403 139 19 881 8 221 460 223 383 729 642 787 348 12 979 238 208 998 771 373 755 180 661 474 269 923 930 934 967 949 656 380 337 309 604 790 129 178 91 252 906 536 156 599 
21 997
100 599 241 332 793 872 53 372 24 54 214 511 656 28 1000 801 562 385 644 437 393 
115 8
594 399 983 850 83 653 704 831 545 1 380 735 52 677 710 61 42 494 126 585 667 693 956 582 526 784 128 249 185 372 231 359 350 568 750 614 551 18 365 143 169 860 212 52 620 193 384 333 647 996 856 822 408 380 896 491 172 207 358 224 594 153 938 261 74 650 550 164 306 403 445 967 60 877 42 403 412 997 931 811 722 496 416 804 248 668 555 82 699 658 179 608 779 355 304 135 32 491 427 531 84 748 663 282 470 308 547 84 208 366 818 297 7 950 886 
179 53
173 239 341 839 494 221 80 293 409 317 797 79 575 171 428 308 522 826 748 849 130 636 76 531 31 947 306 820 456 518 120 185 141 508 891 314 162 168 533 849 397 869 834 194 520 766 469 640 236 73 192 709 9 122 536 245 796 507 364 330 533 421 434 269 964 778 881 750 780 863 163 669 228 727 803 192 853 78 684 653 413 116 991 955 697 110 394 215 240 921 360 158 478 790 895 537 490 32 369 797 338 195 38 647 190 743 252 957 326 148 891 292 564 869 79 394 306 369 992 35 532 256 877 864 765 9 407 875 135 371 458 418 937 877 920 440 383 763 351 569 389 898 494 333 736 594 289 322 739 996 522 113 867 649 927 489 97 500 147 478 299 758 802 482 314 938 828 856 391 459 453 645 864 439 503 961 865 310 94 
48 61
815 168 283 584 774 540 110 160 328 841 843 580 91 963 726 905 459 806 551 144 835 7 503 442 750 627 152 401 932 211 21 714 183 979 61 570 186 892 149 43 967 321 11 632 294 860 842 705 
77 219
828 880 935 808 765 343 23 605 949 299 497 750 257 581 273 658 52 510 251 611 726 850 709 297 860 478 892 634 953 332 772 733 212 195 210 115 481 199 244 335 451 136 278 557 390 829 252 18 543 140 445 646 498 793 755 437 588 907 753 562 664 828 708 795 957 277 974 652 572 516 510 18 281 633 551 687 559 
54 399
769 685 415 292 129 514 15 737 137 330 15 176 814 836 721 30 666 947 159 332 652 596 345 713 664 442 656 973 772 606 119 45 618 93 377 989 365 295 756 651 843 155 528 657 419 543 442 492 908 749 219 28 32 872 
70 67
94 811 781 232 246 796 405 980 960 444 596 194 173 419 487 755 599 74 119 54 136 964 230 134 431 61 406 611 671 112 962 287 425 100 129 120 291 570 327 690 472 831 99 327 968 27 591 34 272 604 736 93 692 791 526 100 111 72 568 647 429 558 317 471 330 510 74 327 88 624 
148 40
667 644 484 858 963 573 753 24 149 553 740 729 6 676 85 578 588 879 616 785 486 12 277 973 180 50 582 391 471 745 166 964 954 922 388 887 487 119 576 903 547 487 738 285 117 80 774 838 844 180 806 201 708 531 64 77 416 679 284 601 885 603 557 400 645 435 894 615 634 112 955 316 610 178 79 585 246 570 282 542 476 135 333 718 209 31 782 277 314 409 835 652 680 418 806 889 500 65 911 533 642 721 574 558 787 183 166 87 901 596 374 398 318 778 583 974 896 699 891 574 506 519 672 406 664 614 707 342 59 854 781 474 390 594 575 428 841 61 997 424 257 927 342 803 202 958 774 90 
175 550
450 572 208 249 60 68 543 931 74 771 682 814 922 912 828 554 25 899 423 270 380 366 816 640 388 178 406 754 403 193 642 611 116 602 586 104 711 461 240 846 661 721 680 102 338 494 131 388 976 478 185 906 139 875 535 937 649 258 639 626 848 372 130 138 39 486 920 672 42 67 405 340 1000 320 81 42 71 514 228 797 939 903 273 942 914 474 387 403 525 126 200 844 501 132 675 859 948 920 604 9 118 577 308 592 874 291 284 795 80 665 805 884 31 926 184 226 833 528 465 459 728 598 727 476 506 172 928 985 799 202 643 685 144 933 515 97 781 614 997 530 204 295 408 800 668 233 748 90 899 494 1 554 999 236 126 248 974 75 548 149 138 581 273 658 1000 645 274 539 844 821 858 534 612 87 135 
12 765
613 80 328 55 889 149 647 196 912 588 33 859 
59 797
361 138 184 307 866 871 429 134 266 407 659 837 615 733 871 728 146 503 377 479 426 607 701 492 624 780 565 658 518 918 318 100 979 313 422 761 84 74 654 522 173 245 527 839 729 83 52 260 698 505 725 890 492 693 940 143 797 208 68 
87 536
747 935 1 332 224 628 130 6 238 289 812 10 775 969 449 848 350 543 515 914 686 68 371 673 190 976 455 319 937 230 826 520 613 17 808 902 444 205 875 928 904 122 309 735 472 327 841 264 922 883 64 49 19 11 232 846 762 362 794 771 575 620 723 428 363 466 937 907 365 812 732 896 308 634 739 405 698 861 755 207 936 505 378 592 721 302 372 
171 581
696 869 525 48 727 562 700 629 140 704 860 542 728 416 945 559 177 586 841 268 48 877 369 877 481 904 572 838 246 908 200 409 644 424 592 429 382 570 215 229 593 457 771 503 485 806 142 92 844 431 47 808 860 564 512 284 518 836 86 787 553 926 420 116 155 407 25 178 90 249 411 24 213 786 428 31 323 711 452 612 550 422 320 668 200 174 64 756 683 690 780 776 337 599 48 94 958 239 766 36 618 73 536 709 190 272 579 220 479 795 747 450 667 102 88 321 34 563 676 114 731 73 178 694 615 372 78 205 206 591 791 672 582 500 979 862 593 850 723 397 466 48 407 153 851 319 231 462 231 238 748 174 151 32 621 606 314 302 2 43 825 100 528 677 432 347 162 180 308 676 524 
131 905
308 751 22 283 916 28 516 63 338 823 840 576 727 527 161 317 40 279 370 353 41 460 566 939 187 551 826 667 20 417 229 976 95 886 277 751 625 487 481 586 224 590 667 330 24 622 57 748 845 511 111 1 77 252 706 313 491 863 203 128 61 422 593 652 989 231 84 826 46 892 668 297 764 836 739 973 377 357 896 286 500 441 514 200 193 676 835 160 239 197 589 721 294 64 578 878 585 684 303 458 658 799 674 550 614 658 659 948 638 230 460 598 32 588 983 486 326 888 160 918 807 321 900 723 858 971 578 698 687 848 968 
42 666
612 324 794 594 662 711 145 672 218 712 411 406 569 7 790 245 593 622 681 752 992 874 804 868 638 271 550 223 628 124 12 576 437 101 243 233 240 317 797 110 39 93 
183 717
692 878 955 229 976 198 285 690 620 457 686 637 63 546 195 677 520 889 255 489 253 422 915 126 707 153 733 802 31 61 677 914 285 358 759 13 147 433 894 847 64 5 886 584 955 735 837 165 830 233 279 957 124 9 801 725 335 103 594 552 121 519 929 233 423 602 71 114 671 390 463 689 88 527 821 163 766 438 263 647 626 721 964 483 809 419 98 985 802 977 741 399 397 837 69 995 669 980 532 191 738 420 456 40 819 182 614 20 709 608 185 46 527 535 898 547 531 152 622 662 367 645 184 848 650 147 7 694 396 63 389 819 680 833 749 306 990 594 239 523 724 217 853 686 831 511 286 380 742 333 176 930 395 883 88 551 747 143 276 927 660 337 767 340 525 268 223 620 615 133 999 220 152 446 175 336 795 200 329 300 130 633 632 
175 64
714 608 409 295 449 813 231 258 108 400 189 380 571 193 472 793 120 192 150 365 4 78 282 190 276 55 426 542 901 660 726 511 428 812 711 743 38 249 67 852 546 459 369 728 37 363 571 61 735 72 568 419 100 942 346 588 786 714 903 669 728 644 171 571 887 478 481 744 64 155 937 458 574 52 323 865 494 551 424 863 655 440 932 609 300 153 409 109 728 907 913 756 876 8 804 156 407 202 958 34 387 25 920 846 44 265 231 767 606 483 647 822 878 568 883 727 703 783 631 928 986 755 510 818 36 494 577 786 785 724 216 110 176 856 672 204 802 541 326 447 694 168 793 397 725 657 776 806 824 389 593 83 771 393 639 113 194 648 60 251 382 670 92 801 321 427 687 905 797 572 808 898 322 180 154 
184 288
965 798 553 48 696 10 85 552 497 917 259 290 670 61 316 144 548 86 527 383 364 758 215 736 28 735 667 726 450 999 134 282 171 677 755 191 183 989 432 632 658 716 578 45 414 542 74 423 414 885 976 548 151 363 253 712 696 430 573 181 586 503 953 256 365 553 46 748 481 608 79 451 47 506 637 147 167 574 467 330 209 115 200 343 800 647 608 581 396 6 539 427 365 744 165 228 810 742 640 887 567 313 686 812 198 405 938 220 270 116 971 370 153 929 598 511 606 387 465 937 176 700 875 251 477 689 979 302 175 1000 49 954 719 773 476 379 614 501 468 587 459 548 431 185 865 452 847 583 927 77 125 122 408 271 178 524 452 834 221 850 330 221 221 411 820 845 840 71 452 179 63 343 947 266 58 233 17 582 52 398 673 395 440 576 
200 687
571 817 816 257 46 527 32 976 725 888 93 871 444 621 874 623 875 67 562 575 885 551 164 86 688 503 132 927 946 691 791 740 12 859 217 285 210 342 619 374 299 928 341 117 752 922 438 84 905 266 37 202 212 471 562 443 415 289 986 344 542 438 127 434 53 590 821 630 23 167 447 872 726 306 415 247 193 55 85 969 797 5 744 748 559 875 679 164 440 800 234 196 987 602 341 148 781 755 924 984 578 137 226 312 520 90 616 199 778 480 600 353 769 276 12 160 954 551 409 775 700 596 807 442 99 217 321 257 343 633 740 535 494 590 391 873 226 741 824 756 215 733 204 437 81 335 770 397 643 734 997 834 56 305 829 718 128 65 438 94 826 75 99 221 466 596 243 957 93 961 593 13 243 733 696 824 616 359 33 304 747 425 75 871 238 537 408 67 589 761 886 516 708 749 592 336 970 891 855 168 
16 905
110 117 404 518 163 889 126 140 163 962 708 811 429 376 779 886 
81 369
98 874 564 797 670 540 246 729 148 102 452 381 785 192 603 177 362 816 913 534 80 532 343 762 678 981 927 533 73 476 500 80 656 641 205 526 392 37 778 667 82 704 353 232 755 448 790 529 221 114 558 351 208 901 268 336 100 253 17 782 108 96 864 185 426 346 597 150 52 702 769 471 442 444 606 841 674 114 72 443 643 
131 116
523 672 571 319 906 509 814 821 755 878 26 65 265 21 853 415 130 549 534 416 1 65 887 753 26 523 600 700 384 892 487 995 994 105 52 172 837 254 466 415 281 855 733 295 144 832 758 859 705 713 710 175 625 501 142 961 944 51 492 149 741 870 565 243 198 748 149 563 672 537 768 182 694 2 220 780 279 675 860 294 149 734 479 982 959 896 122 668 976 617 484 11 404 993 972 192 311 987 502 651 77 60 963 796 360 363 862 395 967 9 971 1 496 596 736 315 554 763 940 988 632 831 12 313 587 873 523 709 962 133 686 
81 748
542 219 474 814 28 157 472 356 640 263 326 317 951 702 576 415 659 265 735 566 171 980 166 473 205 493 464 885 640 563 990 88 28 634 965 951 43 377 131 516 893 634 999 191 156 89 887 681 54 100 295 759 675 631 594 872 138 875 208 385 418 774 382 783 919 957 581 304 333 398 310 957 197 161 726 315 44 451 858 566 514 
119 554
280 97 645 574 297 974 857 452 740 77 457 624 976 891 400 970 703 752 405 608 997 525 122 984 357 267 979 315 119 76 990 297 804 36 401 603 543 655 792 946 207 62 997 681 262 327 380 929 813 999 834 660 392 748 394 59 668 543 724 531 398 846 164 921 351 178 79 353 309 741 552 47 315 898 681 611 556 55 761 421 732 901 1 961 956 195 411 437 765 524 91 998 361 855 310 751 460 187 368 62 692 587 685 715 100 370 234 523 550 200 902 138 976 679 269 640 26 432 943 
15 509
748 795 470 976 544 840 943 399 473 608 949 302 375 541 376 
62 612
972 216 15 577 991 992 386 301 98 761 245 990 222 552 662 616 541 891 196 69 415 189 142 299 282 916 822 619 207 469 552 20 705 803 598 650 246 573 202 496 849 349 259 673 15 727 904 577 732 112 678 114 380 429 829 437 567 582 775 95 245 327 
118 674
989 407 567 237 892 820 683 551 937 629 308 622 71 652 827 844 888 412 625 614 760 533 383 218 906 612 459 693 283 867 779 223 738 89 427 198 2 911 234 230 43 301 128 74 884 536 927 385 898 387 48 476 528 606 754 57 827 61 166 185 35 250 926 692 261 534 658 807 788 584 255 368 451 246 597 405 294 795 37 937 921 362 338 795 36 774 699 88 167 140 561 69 570 268 672 832 332 823 385 982 34 454 92 527 710 507 230 698 646 604 749 68 402 915 825 295 473 732 
130 621
275 155 657 123 303 312 351 472 592 477 186 531 557 297 958 571 992 353 820 772 428 622 470 536 964 50 381 358 208 963 356 771 78 557 209 683 466 722 943 18 154 367 577 505 94 165 469 576 751 949 111 92 97 96 32 294 65 243 997 871 323 88 614 889 179 912 872 26 625 172 740 781 506 997 125 908 569 320 560 930 480 274 719 843 722 343 547 953 424 239 970 497 367 854 50 354 35 836 865 305 108 651 73 109 32 110 306 614 920 8 971 807 108 125 663 995 291 391 633 865 21 11 908 777 965 307 500 653 245 311 
136 827
294 763 395 156 596 246 82 293 137 914 58 241 133 228 320 727 553 546 562 554 650 842 767 706 861 89 699 264 137 102 254 239 578 604 29 207 537 852 297 724 230 16 283 132 333 430 788 213 438 974 8 201 477 628 628 27 5 720 970 833 273 485 571 921 271 868 842 585 661 303 256 279 959 817 229 460 979 829 518 232 552 1000 525 303 117 788 587 684 299 344 297 867 153 178 416 831 119 537 522 12 527 491 932 434 11 656 939 881 136 149 512 380 937 479 135 318 580 952 514 857 585 462 802 914 443 691 148 554 596 768 647 116 687 379 503 205 
69 184
774 295 412 235 878 774 58 910 823 475 467 697 781 460 892 177 790 22 447 630 84 312 339 131 112 932 437 735 39 765 572 762 101 99 784 875 528 180 264 562 374 610 577 823 78 980 61 531 456 502 916 646 943 267 35 410 242 885 763 143 567 352 128 280 379 543 646 193 750 
144 900
965 306 699 756 982 861 639 988 352 25 838 597 277 117 777 5 563 508 836 688 727 995 847 449 368 923 410 391 427 473 684 796 235 672 882 685 661 648 667 288 244 63 510 240 978 909 478 779 845 342 890 160 832 678 175 179 594 3 926 214 520 776 316 621 800 14 424 985 303 687 475 322 116 160 978 822 467 29 801 961 899 877 498 278 566 801 138 979 595 910 836 109 352 457 768 340 675 261 677 515 182 636 853 979 427 329 54 620 277 948 935 663 10 68 825 612 321 619 104 50 373 765 610 945 783 619 20 636 286 682 81 119 456 897 685 800 280 921 150 467 985 155 187 942 
88 445
819 671 394 389 769 133 52 412 126 493 677 752 960 55 7 950 448 250 506 691 240 88 835 450 75 961 353 511 463 780 286 43 274 269 393 923 532 175 412 704 151 421 842 832 494 312 380 359 448 215 70 73 636 445 507 680 656 314 843 810 654 914 64 871 284 76 604 933 933 958 677 924 156 390 98 172 53 888 298 576 519 416 133 258 947 787 245 858 
136 758
578 869 779 866 804 180 809 174 645 214 977 61 573 126 951 298 151 850 111 341 472 275 653 861 118 168 408 734 926 297 192 193 289 517 765 26 439 788 685 723 165 540 989 25 564 377 110 12 883 46 790 485 463 251 110 997 266 424 427 275 421 334 702 765 936 881 444 54 887 446 892 184 803 383 772 511 372 745 737 61 268 359 725 208 28 515 637 648 250 497 265 552 79 528 354 822 67 328 684 812 390 693 388 272 204 891 337 355 17 631 379 445 867 852 193 456 832 809 983 918 111 361 230 979 968 730 516 954 151 763 227 469 96 792 929 40 
152 408
155 20 912 406 161 253 9 441 714 877 902 564 419 956 601 844 727 296 404 808 805 738 921 956 206 310 216 543 220 556 205 180 861 269 244 201 667 614 819 769 843 399 473 891 521 2 454 806 199 344 49 29 948 584 733 777 169 800 590 663 474 630 548 35 998 332 620 279 97 136 807 683 968 740 74 403 77 433 381 138 617 314 332 285 886 423 2 545 308 289 354 120 383 655 215 171 939 350 1 849 908 515 986 87 173 571 292 1000 579 522 671 843 830 853 35 787 97 729 955 339 367 140 315 409 961 29 282 860 932 639 261 978 860 735 538 764 382 45 318 581 181 986 789 346 631 675 700 866 907 140 719 211 
48 956
894 989 289 315 975 100 35 604 932 754 520 390 254 55 993 675 506 614 792 818 948 118 884 777 92 310 451 94 145 607 678 266 968 943 412 101 456 75 787 873 862 196 844 922 836 904 403 252 
182 37
705 860 837 924 873 193 995 238 567 801 613 866 51 593 475 989 94 845 565 439 293 31 11 972 30 357 337 393 642 380 837 273 26 981 588 449 665 651 382 716 742 107 247 44 648 205 606 951 663 406 842 865 215 913 726 223 635 812 911 527 425 197 915 346 275 839 681 385 200 971 778 82 798 582 423 402 407 643 222 112 606 184 520 455 418 144 918 259 41 167 222 959 542 901 849 812 227 635 326 181 819 557 407 389 233 872 187 126 250 711 389 610 911 460 112 905 767 730 386 371 380 14 924 729 243 810 911 315 174 211 858 151 889 338 51 512 569 294 952 549 966 550 722 868 708 473 824 977 307 497 88 270 912 706 609 744 490 421 782 383 302 750 723 308 14 723 953 799 848 801 660 176 366 661 192 197 558 982 695 77 152 830 
66 324
903 349 707 575 131 677 604 900 23 623 884 61 785 994 244 289 419 414 788 619 335 381 710 544 71 490 686 18 363 795 789 399 533 504 444 183 189 452 641 775 617 388 708 75 438 572 276 467 622 391 121 192 647 814 982 553 229 202 65 280 142 939 845 292 70 760 
164 49
140 743 410 442 753 652 451 77 271 954 502 506 563 326 551 433 12 774 291 804 123 950 656 69 4 248 85 704 166 247 275 626 268 980 108 565 430 248 329 140 186 359 162 233 419 70 27 554 699 32 234 603 742 441 664 88 390 535 358 397 839 657 104 69 988 93 382 110 10 290 560 538 936 855 27 615 18 583 931 153 916 934 128 125 65 419 989 148 326 835 144 982 848 205 436 206 386 594 646 63 946 636 964 422 96 474 770 81 88 245 542 542 369 176 886 199 259 365 736 399 308 921 752 766 263 644 603 654 947 765 657 250 288 409 256 644 600 475 120 437 135 659 284 711 10 85 527 812 364 640 457 490 606 845 941 493 590 432 472 368 797 523 687 14 
9 858
559 487 853 591 624 625 617 510 823 
159 786
174 847 613 769 713 554 850 337 174 727 119 711 158 82 954 206 48 719 748 859 231 218 232 861 514 387 147 801 221 58 548 110 704 984 181 656 502 517 584 399 495 414 255 198 200 164 972 846 870 484 648 805 178 672 337 807 952 546 434 203 861 959 89 30 631 144 650 376 638 958 886 608 904 491 748 352 649 429 78 247 570 956 997 561 446 349 533 159 692 717 837 106 509 681 20 881 925 926 374 507 608 263 114 655 108 492 234 875 637 179 911 399 930 542 677 672 353 594 375 696 388 914 90 595 55 225 772 455 855 423 520 558 457 275 168 169 131 461 626 579 934 222 961 427 898 844 432 109 321 144 610 521 159 549 651 468 34 46 94 
25 979
566 698 806 613 999 428 336 666 629 339 186 8 5 137 581 824 927 376 360 41 960 126 735 516 456 
150 572
179 82 186 357 93 444 103 783 348 595 934 562 70 508 290 211 727 935 976 702 16 161 272 184 1000 877 806 863 75 374 978 347 524 965 835 775 781 518 497 742 122 182 813 823 388 838 537 487 555 477 318 595 749 169 128 896 387 659 350 46 199 199 91 426 46 320 352 799 802 4 758 171 91 515 579 161 237 926 871 775 878 804 684 391 474 481 146 40 894 833 550 700 63 459 788 176 594 987 557 183 216 298 237 645 660 70 359 150 161 531 396 773 811 672 716 482 500 820 144 375 560 166 244 498 52 152 162 762 625 284 791 504 538 713 981 451 128 567 26 515 15 264 248 38 116 695 432 550 710 218 
125 239
578 96 296 888 7 683 715 579 445 320 826 45 726 117 304 490 918 297 578 198 841 468 719 278 477 418 572 681 511 220 541 60 71 752 784 419 410 268 958 972 493 558 434 222 487 957 867 836 411 805 769 705 341 930 139 613 577 445 932 905 991 654 998 314 627 978 667 409 655 879 299 368 468 216 461 92 146 364 375 110 775 980 366 905 811 979 592 894 398 966 658 282 286 974 627 995 448 695 62 626 758 129 674 374 159 498 318 515 156 714 643 755 443 506 364 40 824 561 880 304 22 433 306 464 524 
6 93
968 430 862 380 551 67 
37 887
553 866 426 537 921 591 81 591 670 668 481 797 301 473 36 568 508 621 414 556 786 89 812 914 836 231 89 520 875 243 871 65 297 35 352 498 816 
179 625
546 450 695 229 877 877 829 107 674 81 978 610 609 37 255 627 957 870 756 544 865 734 845 752 392 694 643 460 537 163 315 686 59 432 881 217 912 154 420 849 504 356 388 569 708 208 452 399 360 293 397 106 595 461 224 345 909 907 340 300 239 405 237 526 26 161 587 651 808 814 121 720 564 659 466 750 344 301 887 538 296 463 487 789 916 105 392 517 219 769 841 869 677 690 713 879 129 793 307 118 444 245 977 82 537 704 845 322 49 415 16 734 696 162 827 770 2 298 874 369 734 997 811 958 815 735 749 463 950 483 862 297 160 63 701 625 185 358 167 409 928 996 316 352 8 657 906 853 555 346 32 1000 749 457 527 980 407 415 757 156 536 513 544 837 218 527 804 639 603 382 110 606 146 31 65 995 92 220 666 
115 871
883 694 421 716 961 515 901 116 477 275 534 188 490 461 773 816 858 774 617 671 110 587 983 508 634 452 909 93 105 372 304 607 990 593 522 265 261 949 552 240 3 86 819 433 959 109 115 669 824 72 613 622 475 839 486 379 411 526 414 183 485 243 431 434 717 924 111 228 986 722 522 170 479 478 591 174 297 629 71 389 180 695 126 555 69 252 14 349 171 715 361 400 125 679 134 515 752 689 824 787 981 40 834 51 429 503 26 713 397 477 6 914 361 691 64 
39 871
410 539 885 380 263 523 608 731 677 482 198 283 786 160 607 459 868 322 410 247 631 616 412 548 725 836 503 902 634 214 776 591 86 137 803 372 89 21 757 
57 932
692 673 86 284 122 524 301 552 659 265 800 293 190 569 133 447 37 644 974 60 565 505 849 563 178 155 847 485 733 618 452 950 396 429 494 203 132 839 285 689 489 944 64 526 991 685 768 234 499 362 553 828 196 524 496 895 426 
126 69
836 878 121 615 597 587 774 859 590 587 893 16 532 546 175 819 248 50 238 582 964 483 66 56 886 293 124 347 90 853 347 715 743 428 445 234 492 632 91 31 806 623 860 700 849 224 58 732 572 224 698 532 646 871 768 570 407 431 595 607 290 79 152 309 123 482 507 756 892 347 561 608 856 498 306 655 981 298 248 501 217 514 951 165 455 115 678 310 659 374 713 523 493 631 158 564 131 143 184 963 900 331 128 330 506 739 14 701 9 579 311 948 5 135 927 916 889 782 60 708 77 827 635 376 789 291 
46 24
732 238 507 41 881 574 359 46 885 664 190 111 844 869 232 933 719 264 894 191 489 509 348 236 800 773 826 434 261 376 122 519 28 65 834 138 501 325 829 147 309 539 422 299 709 261 
169 982
429 804 699 445 670 987 214 100 350 492 311 914 726 49 921 347 329 43 929 993 127 765 466 772 185 170 4 622 652 652 135 416 402 101 116 369 635 977 779 532 3 353 519 520 500 553 712 728 889 736 420 874 462 123 520 865 298 339 42 281 290 552 886 116 384 357 948 406 326 890 60 147 191 946 853 772 701 389 691 667 86 620 335 969 745 840 572 330 94 553 76 798 899 106 122 351 532 713 773 17 51 448 982 954 215 161 32 82 335 779 304 772 310 610 174 236 624 895 274 56 517 694 616 314 438 287 519 558 122 932 14 409 939 304 281 281 547 585 309 895 637 50 621 197 35 804 966 194 256 772 188 944 858 686 23 252 379 388 799 280 426 386 199 518 922 918 295 714 866 
158 591
67 308 141 392 539 59 659 23 164 469 978 670 104 106 222 360 313 787 706 420 425 686 734 480 210 651 478 609 588 908 151 193 930 558 447 568 847 250 969 469 640 548 516 148 891 711 585 978 299 780 493 361 45 261 643 491 862 818 70 939 929 581 306 828 288 123 147 556 577 597 350 51 640 489 781 536 73 709 147 832 942 910 760 562 644 671 930 77 49 208 346 502 475 530 504 119 332 618 668 746 237 102 126 788 758 718 72 874 778 221 632 738 835 412 196 450 77 328 103 767 264 184 73 194 329 593 484 722 939 486 84 184 457 387 414 728 101 640 760 366 415 247 254 183 709 19 966 911 123 884 569 544 30 917 555 39 981 864 
114 655
948 703 777 876 653 573 719 941 126 460 70 892 497 432 545 428 690 523 512 775 158 953 754 580 798 227 904 746 147 187 375 924 893 141 118 332 637 90 548 859 625 319 620 42 852 464 486 294 604 116 378 418 553 27 975 554 970 531 226 466 108 790 648 670 837 795 724 758 283 443 298 605 85 112 386 244 110 998 758 424 633 78 777 933 278 501 149 320 691 554 391 642 703 792 965 563 415 697 225 266 436 866 903 369 736 644 172 51 985 191 396 221 233 784 
35 379
856 437 903 433 839 699 553 423 225 209 290 246 820 316 849 244 330 670 603 204 213 199 895 175 259 265 241 204 681 719 904 224 476 127 41 
103 764
956 772 112 871 340 566 407 10 1 207 886 555 165 26 121 181 317 494 778 869 461 635 298 231 642 471 297 643 274 522 769 791 549 306 130 282 999 985 750 631 397 936 101 727 988 5 567 650 418 53 513 818 225 995 390 636 90 712 554 382 20 182 853 311 262 574 659 272 327 810 227 363 320 466 293 719 936 5 513 529 832 729 288 479 95 301 388 5 443 179 332 661 213 636 978 348 571 650 395 795 9 415 679 
106 290
644 45 914 251 272 160 396 779 248 587 535 857 999 242 86 588 353 93 757 510 856 429 105 457 729 909 793 693 396 821 371 765 170 829 922 395 431 295 178 316 877 968 212 788 866 227 787 342 90 201 695 604 600 996 805 813 287 675 724 896 324 224 771 694 355 858 320 179 688 557 296 745 631 350 50 209 44 106 533 476 741 900 107 703 739 752 521 334 374 666 368 118 452 515 780 670 762 562 439 172 26 884 618 178 567 251 
132 437
908 563 805 90 303 755 922 815 629 532 948 497 586 55 226 660 786 971 270 896 439 411 160 374 148 610 183 692 596 139 881 320 726 42 110 806 276 107 98 508 120 374 690 174 246 706 406 191 881 263 513 899 533 735 454 383 30 53 87 793 17 802 455 120 489 624 630 226 229 135 486 794 514 867 479 969 423 336 31 58 802 143 558 344 244 746 669 882 703 719 153 217 23 695 474 187 910 354 340 634 256 668 903 378 458 46 24 307 359 595 156 328 1 440 710 306 533 514 974 263 225 522 996 805 145 66 95 552 669 165 450 157 
34 853
851 829 137 941 359 275 288 944 656 133 957 681 686 227 80 193 383 399 94 574 8 608 535 666 124 101 888 595 315 775 807 902 619 245 
57 673
759 976 61 752 999 655 879 974 629 453 597 942 77 568 55 183 422 374 355 143 976 505 693 887 438 352 574 487 788 631 955 877 905 1000 72 838 362 183 592 881 794 142 960 227 842 379 342 616 154 800 939 493 165 506 938 723 917 
111 740
574 946 674 362 338 817 42 82 850 416 458 51 884 132 700 142 716 311 118 707 10 748 236 896 548 923 83 273 546 388 542 80 752 664 907 315 617 778 449 552 763 690 825 822 241 373 9 315 535 481 188 780 705 752 557 293 544 817 290 840 372 979 63 977 74 514 671 927 709 604 212 608 902 399 803 596 699 956 412 595 157 352 45 477 41 553 132 341 287 107 675 32 483 410 49 479 76 262 142 661 974 783 862 268 102 140 480 178 879 611 924 
3 735
969 890 822 
75 869
191 757 665 232 105 296 178 492 277 410 837 190 284 653 824 188 358 875 715 30 108 232 350 570 933 924 488 951 600 825 583 648 874 405 504 51 133 449 903 35 86 686 964 883 861 779 944 201 668 301 572 240 231 936 991 138 106 347 479 294 191 613 631 623 835 413 10 891 768 11 547 128 763 4 963 
23 105
29 198 472 337 999 343 982 626 224 713 77 532 929 133 564 980 627 845 753 913 56 20 612 
184 921
74 54 374 788 136 34 578 742 107 431 688 598 34 988 551 684 88 923 205 672 966 355 981 207 824 48 473 25 739 205 351 228 126 408 573 135 186 428 598 824 505 583 863 800 762 818 403 25 170 960 339 743 46 492 275 8 498 46 681 185 97 663 737 243 534 220 860 231 459 83 728 172 455 404 80 344 567 449 915 406 871 293 738 887 734 353 545 760 933 704 852 680 287 243 966 798 937 898 225 382 374 657 574 258 839 499 350 312 790 329 118 335 847 43 375 89 39 961 544 169 690 597 696 848 180 776 485 350 634 42 855 16 576 993 741 908 323 393 656 547 556 514 482 598 707 145 545 668 862 343 43 230 419 46 437 93 412 180 340 922 528 400 880 195 709 454 523 606 873 14 827 978 714 600 877 35 771 286 547 579 279 646 769 156 
68 187
974 143 639 144 34 48 250 332 670 84 639 475 204 873 591 623 270 779 141 301 205 189 121 721 109 409 168 50 814 847 240 329 685 485 15 954 486 90 664 178 909 545 278 220 611 345 21 459 947 956 935 641 27 83 435 70 197 119 457 723 100 726 635 180 290 689 724 979 
75 100
346 713 791 963 338 42 426 738 655 522 511 95 751 821 588 656 332 857 482 447 949 113 615 704 313 445 10 968 621 211 572 824 78 209 396 685 123 939 859 679 916 415 481 340 725 827 846 671 525 204 937 640 593 929 856 731 956 314 630 7 754 615 661 298 740 302 156 747 527 701 664 124 492 613 974 
189 818
52 324 482 451 190 879 348 467 377 129 416 81 777 701 592 393 914 501 424 300 567 600 840 217 246 391 803 349 822 424 536 115 759 381 949 861 982 985 87 968 171 218 767 407 792 212 336 380 423 63 669 955 904 907 476 800 701 823 87 348 852 420 792 259 350 179 793 231 130 824 330 328 884 998 551 839 559 866 773 420 497 898 88 263 537 756 320 690 331 783 86 409 201 208 744 540 563 425 627 120 812 329 237 970 368 441 841 222 527 228 342 348 73 844 16 609 448 690 220 848 628 579 985 430 543 9 146 924 209 205 491 909 225 177 347 845 367 559 922 541 427 252 674 868 757 23 228 783 178 280 687 127 122 39 998 506 529 989 530 97 783 62 148 101 139 652 708 286 440 961 315 94 645 385 378 758 254 783 933 193 926 302 540 99 479 699 160 768 601 
149 47
496 815 210 176 646 152 536 564 805 134 528 952 728 772 347 38 752 468 393 372 587 854 283 317 920 533 658 95 528 524 555 570 314 23 432 471 738 35 700 326 865 850 440 852 374 524 928 215 738 211 217 899 9 734 764 501 474 11 912 435 97 220 221 303 502 238 591 83 64 735 121 822 943 854 925 18 438 735 551 317 308 741 528 756 337 93 631 601 201 220 44 482 317 45 784 762 471 872 456 847 550 956 605 455 295 947 794 848 226 880 20 744 846 226 105 609 851 527 217 528 689 854 853 18 842 704 527 900 151 513 693 518 494 755 98 518 742 795 187 317 891 513 297 717 891 891 151 728 751 
140 124
954 380 717 153 525 935 704 440 501 898 959 151 882 851 214 196 833 782 938 860 929 237 459 783 4 556 794 481 643 22 688 25 42 309 717 434 603 561 560 711 147 715 867 288 239 301 254 271 939 634 991 614 556 289 222 931 532 685 277 156 673 682 690 940 30 311 558 987 509 567 622 595 273 432 457 201 574 415 479 290 372 15 863 10 795 530 61 212 435 445 245 99 194 904 147 693 229 493 816 117 742 753 204 604 54 164 302 805 883 538 838 292 139 449 441 800 716 296 847 839 966 721 504 992 522 982 415 779 585 325 124 925 229 457 742 348 878 45 889 987 
138 608
77 161 166 891 108 200 988 302 704 24 778 609 19 179 341 712 199 429 740 589 505 506 222 427 985 522 686 423 60 414 194 294 197 55 521 180 249 201 418 316 449 88 355 264 907 379 550 617 606 843 271 64 8 267 437 478 814 252 775 127 453 259 890 859 803 551 24 52 900 94 463 256 689 306 873 256 351 657 546 832 438 653 969 765 896 612 779 384 793 218 479 638 726 884 202 843 307 646 590 768 390 90 59 102 363 307 247 854 400 416 688 654 703 862 460 508 794 323 534 308 828 296 673 923 809 884 124 482 27 163 177 828 362 929 248 303 223 735 
72 845
945 104 382 356 269 887 383 989 287 763 920 770 530 298 256 511 316 944 704 699 371 981 942 605 719 425 586 131 69 77 611 281 841 575 415 671 340 133 21 779 922 993 404 175 6 762 815 181 88 535 354 551 649 828 92 454 153 547 666 485 623 469 607 387 452 981 414 720 214 573 891 48 
106 616
715 890 668 445 367 778 985 714 949 677 323 255 169 155 352 538 778 562 583 271 945 869 896 908 175 244 606 250 927 772 455 882 157 87 102 317 665 969 854 439 446 69 600 45 863 980 412 782 982 468 685 65 977 347 686 851 131 859 161 398 997 961 412 388 475 885 988 699 118 71 221 1000 138 546 115 222 541 296 882 315 946 152 31 100 799 242 833 833 617 546 581 780 588 858 828 152 539 498 427 832 797 450 850 777 646 583 
99 216
494 433 648 103 423 397 107 287 835 393 14 22 937 584 917 698 375 629 841 614 673 694 433 164 757 732 612 982 489 362 882 705 925 342 620 888 230 564 417 339 732 145 792 884 864 199 882 325 253 846 467 141 118 338 390 203 957 871 472 882 73 270 928 738 798 329 9 208 382 691 449 873 145 571 905 275 252 236 484 783 912 947 442 115 19 43 83 300 95 840 372 17 591 510 184 758 653 854 145 
67 289
292 398 802 803 665 354 997 350 876 691 492 235 321 92 548 47 329 395 935 226 19 587 125 920 21 319 359 469 376 620 904 769 482 149 205 583 177 596 937 980 753 302 759 194 701 493 486 768 9 773 154 471 498 295 851 622 996 804 391 655 640 329 674 877 639 583 715 
55 272
484 662 563 296 639 229 250 847 222 213 980 356 840 501 938 514 758 64 296 152 932 938 21 472 860 713 779 250 261 621 387 943 848 350 763 119 59 837 488 818 600 234 802 614 173 873 673 404 674 356 312 632 810 828 577 
188 185
820 404 100 167 128 384 451 684 829 144 625 663 88 949 341 351 743 524 112 305 669 289 826 752 234 135 385 170 148 858 66 765 438 563 164 282 285 514 776 167 206 339 40 352 943 35 713 561 190 438 525 493 803 399 749 517 410 104 257 586 170 994 523 836 114 288 541 760 779 739 480 793 336 369 906 374 570 331 424 551 148 605 808 374 820 960 205 497 476 916 869 497 793 23 226 448 313 483 117 25 975 486 649 536 225 996 824 279 41 192 476 514 704 519 587 457 738 789 264 402 2 883 395 527 221 692 573 499 46 21 891 618 968 861 472 600 28 607 310 651 709 331 947 905 907 414 673 588 331 200 851 462 851 453 940 864 385 721 400 79 161 703 298 211 833 548 736 772 129 826 363 489 253 17 982 817 195 484 234 744 439 486 993 907 298 196 672 674 
197 587
396 693 871 707 174 572 931 389 808 143 183 15 899 274 31 858 137 162 794 46 336 735 102 441 991 917 306 982 974 294 828 658 117 624 388 435 565 868 899 271 610 232 642 970 444 593 481 339 379 512 805 243 435 439 831 457 469 55 487 509 754 109 938 828 660 722 514 501 746 962 91 483 115 663 617 214 692 816 453 771 353 59 1 629 137 806 373 696 916 245 16 516 744 251 628 719 966 698 667 342 207 519 324 330 553 832 611 617 523 613 627 829 831 831 827 563 668 760 442 534 43 45 842 950 302 290 819 44 997 522 315 970 493 254 286 27 386 854 402 928 197 734 990 526 65 537 142 297 348 922 71 312 310 756 276 653 261 34 225 219 605 351 326 16 480 659 537 395 521 421 179 536 209 794 886 967 121 538 524 951 15 485 109 688 865 279 811 800 729 209 813 982 197 149 822 472 922 
13 150
461 35 142 966 36 683 246 805 847 714 986 116 359 
30 5
122 218 159 712 822 761 690 177 349 900 687 460 583 713 478 350 618 571 67 444 120 350 808 513 859 961 882 895 886 303 
89 123
28 503 584 993 136 37 185 799 386 331 606 377 225 792 440 844 635 968 275 73 140 377 722 557 764 895 888 537 575 561 815 912 791 528 1000 366 258 377 810 337 789 578 831 617 740 138 602 452 648 188 379 752 333 685 995 298 645 808 549 747 948 967 773 340 470 604 274 846 871 542 504 6 496 148 834 611 119 180 464 858 46 76 143 932 473 469 155 908 761 
27 553
182 854 773 734 173 285 29 722 118 298 655 381 370 817 254 455 239 583 772 853 488 693 117 681 684 593 272 
131 850
162 27 117 603 962 691 966 591 259 882 693 810 99 111 661 896 382 182 752 390 1000 164 968 141 960 801 259 20 51 649 790 225 57 765 901 623 146 133 855 628 451 563 855 22 584 914 931 357 345 797 794 728 672 454 666 182 419 57 264 921 373 186 46 816 536 487 359 281 968 597 225 504 111 512 358 761 391 541 624 52 657 531 349 755 964 477 124 882 665 632 660 760 910 591 492 374 404 658 998 454 988 418 901 739 866 259 366 806 168 40 583 688 400 520 594 55 991 568 430 972 272 20 694 107 703 366 115 515 113 216 410 
65 327
472 443 943 290 130 968 34 335 760 185 373 396 259 783 611 993 107 672 159 70 892 328 816 860 877 379 110 686 533 511 837 683 218 508 66 799 149 71 605 534 372 202 903 703 531 462 247 371 196 523 899 983 852 660 262 424 756 448 764 686 745 383 266 970 567 
154 887
50 913 180 221 921 510 560 490 60 329 733 167 601 74 669 886 496 190 746 87 750 407 633 808 776 518 632 316 411 537 394 969 935 695 266 854 236 608 562 15 659 659 937 267 137 792 487 615 764 792 782 849 88 622 727 430 212 185 649 857 689 762 815 849 159 290 636 465 153 150 718 526 539 392 393 551 703 579 610 113 967 242 721 925 643 397 555 535 137 685 91 321 85 723 558 399 220 220 629 377 995 850 170 814 542 553 944 928 10 528 935 498 154 321 379 708 983 401 564 4 465 911 719 234 621 737 276 305 651 821 297 806 968 973 423 258 309 740 627 114 114 708 404 356 292 388 228 684 765 786 146 115 472 359 
18 777
793 860 198 948 148 202 570 379 126 848 650 362 836 610 951 852 147 825 
102 583
392 247 994 135 144 239 318 914 290 666 227 44 197 11 54 896 200 142 206 476 633 805 810 15 156 433 859 630 869 954 620 563 501 746 209 423 939 436 557 420 289 476 114 30 959 971 149 621 551 523 761 229 992 211 653 25 358 704 196 774 854 884 91 603 713 481 390 241 197 211 179 434 58 192 503 376 206 529 22 69 194 521 743 644 747 933 412 411 366 902 913 47 111 197 220 239 436 148 12 266 540 546 
3 583
594 79 19 
133 661
137 650 652 392 582 326 475 664 268 110 450 533 508 681 297 240 43 850 186 538 672 718 624 198 178 2 589 660 993 501 677 461 543 156 664 653 213 851 606 591 63 353 126 681 857 483 552 438 476 536 560 877 631 536 286 746 765 439 296 599 664 621 938 3 619 113 600 678 519 441 115 678 954 332 930 40 319 825 318 805 624 965 922 566 592 919 790 987 359 241 710 335 684 294 513 227 594 76 276 665 965 551 87 939 876 477 767 278 498 357 439 380 443 307 914 405 359 317 266 368 966 52 530 585 931 342 982 24 549 445 974 768 672 
150 476
908 627 867 297 404 65 748 962 371 667 422 233 284 856 188 265 123 50 414 995 234 172 141 467 32 583 454 580 777 722 854 827 842 538 907 849 175 206 328 69 479 601 166 311 581 151 661 548 948 186 212 341 732 609 286 548 504 379 208 69 510 428 271 926 54 581 88 936 699 295 223 779 598 613 331 634 466 197 910 624 173 869 632 398 210 416 589 684 158 22 260 688 469 859 537 439 665 127 388 734 844 424 794 596 401 645 558 45 602 381 484 121 668 97 111 887 698 622 63 478 723 879 569 568 738 433 191 525 948 83 834 180 577 421 235 110 951 421 663 472 163 354 852 677 444 705 770 491 209 627 
97 574
763 554 770 274 191 206 374 227 199 985 679 8 887 501 690 212 299 254 296 847 840 826 22 594 169 540 2 95 938 16 543 191 332 553 381 295 680 374 409 854 415 949 542 573 244 541 994 485 889 587 245 256 746 216 361 505 620 253 225 724 341 637 332 705 773 926 387 709 88 591 857 301 714 735 178 627 860 520 924 729 395 710 495 872 222 484 729 311 326 525 526 311 698 675 416 72 594 
175 570
822 82 883 964 32 553 590 885 276 782 703 425 344 193 839 219 420 549 265 959 689 750 883 95 365 270 174 510 537 213 865 184 840 210 958 874 857 941 798 130 737 170 616 543 200 983 664 482 238 236 568 80 832 312 785 517 139 455 154 32 845 119 862 138 403 74 852 753 145 746 902 185 847 508 516 442 345 901 688 654 157 298 860 187 287 521 411 159 444 553 74 733 405 375 350 66 245 694 450 476 49 342 661 759 255 51 852 562 687 567 182 396 722 606 925 718 441 16 284 841 589 635 405 699 253 88 166 109 877 465 610 223 478 863 389 515 433 411 194 132 846 404 631 755 194 983 799 303 974 741 956 677 749 613 443 491 179 682 399 215 175 650 524 994 702 931 577 984 555 133 672 178 359 474 232 
