0
-1
2
1471
2
1711 6855 
1711
1711 6855 
1711
1711
1711
6855
5351
5351
5351
3
5351 6475 6940 
5351
2
6475
6475
6940
1
6940
0
2249
6940 
0
6940
-1
-1
-1
0
8479
1
0
-1
0
0
0
149
149
0
4
149 2959 526 8180 
149
3
526
526
2959 8180 
2
2959
1160
8180
0
8180 
5368
7899 8180 
2
7899 8180 
1666
6897 8180 7899 
4
4
6311
6897
6897
6897 8180 7899 
630
630
6897
4
3129
3
3
6897
6897 8180 7899 
5674 6897 7899 8180 
5674 6897 7899 8180 
