50
28 7
44 35 77 33 53 54 84 65 3 43 21 21 75 97 99 35 44 42 64 22 16 97 62 26 88 31 26 64 
35 9
75 64 82 24 77 70 76 75 3 13 26 90 59 7 13 39 62 95 26 56 43 42 25 82 43 49 33 31 14 31 86 18 98 90 72 
94 20
65 10 5 87 79 83 51 98 45 46 56 54 96 35 55 56 10 90 4 82 16 55 34 62 4 20 62 74 30 12 35 41 38 87 50 60 36 88 100 6 55 80 81 69 60 48 37 45 80 82 67 40 78 81 18 72 56 45 100 82 34 75 62 97 6 66 49 17 1 3 57 27 96 33 74 84 60 77 89 90 12 84 15 3 41 8 64 63 70 99 87 54 81 6 
27 7
51 95 15 58 73 30 54 20 31 80 73 37 68 87 84 52 5 73 3 84 11 48 56 82 81 83 64 
63 23
25 83 25 38 71 67 26 13 23 99 44 73 81 96 81 6 87 63 66 74 64 3 73 94 66 35 48 31 33 5 26 14 29 34 27 98 17 2 68 94 57 90 41 72 7 33 20 100 75 14 76 75 36 70 26 45 23 52 23 37 71 15 70 
97 16
10 70 58 60 42 58 2 10 26 2 36 4 10 52 40 25 17 5 49 26 12 45 62 73 39 51 25 46 66 78 13 29 16 63 14 47 20 74 78 77 95 72 93 56 55 74 62 15 79 68 50 20 8 28 54 29 88 40 5 8 97 11 28 16 9 54 20 18 16 80 20 39 20 6 99 69 15 7 64 71 54 56 92 5 79 97 78 82 50 78 64 21 87 36 19 61 18 
98 41
21 36 65 47 89 95 83 19 14 51 51 51 14 55 4 88 67 49 83 62 60 14 32 32 11 23 15 42 78 38 89 6 4 42 46 7 17 86 73 8 22 70 62 67 60 22 95 65 2 8 64 56 80 18 46 89 1 58 66 35 10 36 17 43 26 33 90 66 6 6 18 49 17 70 96 75 5 74 38 64 86 86 65 96 68 70 99 33 23 78 81 80 12 86 39 45 33 83 
100 9
32 41 81 99 85 11 94 84 4 11 45 32 27 65 71 15 54 27 53 69 57 69 42 71 15 74 65 25 41 72 40 14 19 60 55 35 79 32 6 49 88 41 8 3 61 95 81 56 60 35 92 65 57 37 42 35 27 66 1 71 6 95 7 12 17 60 15 15 76 52 81 73 14 53 28 67 35 50 84 77 92 56 91 69 57 25 66 74 74 19 49 40 47 26 89 79 59 46 62 62 
43 9
74 39 15 75 57 73 92 41 93 35 10 64 1 4 35 47 14 43 18 46 17 72 97 35 85 96 52 24 22 83 63 21 72 7 9 16 89 24 2 32 39 12 36 
83 28
28 24 88 43 52 18 64 73 35 80 27 31 60 35 6 24 45 94 17 21 77 15 60 20 65 18 14 23 92 33 78 40 60 69 32 64 49 42 1 36 41 12 11 21 17 6 86 47 65 75 8 13 65 88 78 82 64 67 76 99 30 77 61 52 69 10 31 37 68 72 32 83 65 28 71 77 78 79 22 16 51 84 77 
61 18
48 5 29 52 40 45 96 45 34 71 1 39 12 96 73 31 89 9 66 8 67 55 28 33 81 63 100 44 94 20 78 56 55 52 40 87 91 37 79 85 20 83 67 96 32 68 59 43 56 26 61 32 82 68 15 86 63 1 11 97 73 
56 10
20 86 44 85 44 9 32 20 72 23 22 69 26 93 40 39 71 63 71 84 5 28 54 63 60 9 99 78 17 21 90 74 100 82 79 15 82 3 46 32 56 70 89 70 33 80 24 87 1 30 93 99 39 63 86 62 
43 19
20 6 79 10 20 49 84 81 77 26 65 73 28 25 77 99 94 20 58 7 38 57 41 98 98 39 82 91 4 17 52 34 90 77 31 74 48 28 69 84 30 3 52 
36 16
86 6 37 52 93 19 25 97 20 14 38 81 31 11 46 42 97 56 92 21 27 74 13 60 80 51 1 51 40 10 6 57 64 89 28 81 
66 26
11 23 47 55 96 76 4 21 61 38 32 64 93 78 18 88 45 99 37 41 90 86 12 32 30 70 8 17 20 43 5 9 65 18 93 84 5 77 14 52 85 74 32 18 1 100 60 66 18 75 64 12 39 84 67 25 9 68 95 49 24 62 72 14 48 28 
63 2
31 34 30 80 35 2 96 74 44 13 69 10 1 53 27 60 58 17 82 2 40 30 52 57 7 17 47 2 15 97 91 78 20 66 56 18 33 54 59 33 27 17 49 3 11 42 5 41 51 83 6 61 99 1 18 74 44 87 94 67 47 50 48 
37 12
55 74 78 9 90 20 90 22 47 67 50 54 37 67 42 20 59 77 76 15 41 68 73 93 63 27 72 47 3 12 18 69 85 44 9 88 77 
53 15
85 50 20 62 29 8 47 3 76 50 85 46 73 97 91 46 77 61 19 26 85 65 54 61 79 66 77 97 69 8 74 25 74 74 56 99 7 56 4 46 35 46 22 87 11 24 7 14 80 84 44 84 91 
87 11
49 80 63 84 1 69 30 50 20 78 27 9 57 76 28 22 78 48 51 81 98 49 20 23 54 45 22 85 74 85 42 7 70 93 42 19 34 98 34 70 26 94 61 61 66 55 97 72 94 62 92 75 81 25 69 30 23 29 22 29 89 94 55 31 54 20 39 62 39 52 23 94 52 96 30 81 70 95 100 57 1 8 61 47 67 53 86 
51 17
83 33 62 41 92 38 72 45 75 14 95 89 9 92 65 41 12 83 96 56 99 66 100 47 18 67 26 63 25 100 91 71 77 48 77 31 66 100 93 29 80 93 67 33 35 21 88 13 80 38 60 
95 40
56 22 23 61 17 57 69 75 2 93 33 74 20 60 80 12 63 70 70 16 84 89 32 37 56 66 77 25 67 88 80 3 88 19 47 92 91 91 56 97 16 62 46 64 14 80 49 1 27 41 95 21 90 35 72 77 3 46 61 58 67 14 15 70 25 52 74 65 27 77 62 3 25 27 35 55 27 4 42 96 31 85 51 72 26 23 86 79 27 89 23 10 21 79 23 
72 36
73 97 55 72 17 86 66 65 34 52 76 10 3 32 74 36 93 14 78 47 90 21 34 36 11 23 99 28 58 27 5 69 97 34 83 11 62 46 70 24 64 65 8 68 17 56 61 65 21 25 26 93 52 30 60 68 69 93 35 6 7 85 8 23 71 82 20 20 32 28 57 55 
42 1
86 22 10 27 10 74 61 3 42 21 12 50 22 63 56 20 91 95 56 39 71 72 40 68 21 3 36 68 47 23 71 56 53 32 25 5 17 66 60 29 80 12 
29 6
52 95 38 9 81 18 26 69 77 26 66 26 25 27 49 87 55 69 3 39 75 62 68 19 33 72 88 29 13 
83 24
39 4 22 56 8 51 8 80 18 43 42 79 82 37 21 73 29 79 96 17 11 96 64 98 99 21 33 13 78 58 94 40 28 46 88 56 10 97 90 36 6 83 19 96 77 60 69 93 50 54 53 7 10 84 89 70 99 48 1 53 50 45 34 25 71 60 28 40 13 66 27 23 75 24 93 60 82 83 84 48 76 22 62 
75 22
33 12 17 4 8 23 57 96 86 98 14 94 89 93 45 39 31 86 1 71 94 59 52 22 23 43 2 59 70 81 21 69 52 57 64 4 41 62 66 43 33 6 67 28 68 17 82 40 67 96 28 35 68 77 23 67 3 79 81 41 62 81 50 2 23 61 93 2 93 10 53 67 18 88 33 
70 20
31 4 14 43 35 69 53 84 88 1 33 70 41 18 90 16 13 35 58 83 49 34 67 45 23 82 41 52 71 57 43 80 49 38 59 38 88 95 59 95 96 85 33 34 83 6 78 43 42 33 95 5 20 99 56 33 64 16 85 41 25 58 31 32 51 24 52 73 76 4 
56 24
79 75 60 99 36 11 35 11 33 20 79 87 90 36 52 37 41 34 14 75 97 99 75 45 57 40 35 99 100 16 33 85 35 18 51 14 79 50 36 1 56 14 87 2 99 67 37 91 88 80 94 82 86 55 25 16 
86 43
45 84 9 22 90 77 9 58 63 79 31 63 13 97 64 5 87 78 62 33 91 40 98 58 9 22 82 37 59 74 69 67 95 98 77 48 90 41 40 1 5 82 75 54 31 61 74 70 45 95 14 50 4 46 92 71 23 67 65 32 51 20 40 34 53 24 34 32 71 57 86 5 53 7 50 70 81 63 37 13 83 40 38 58 40 17 
85 10
21 16 88 77 28 63 37 43 32 14 58 42 44 19 21 16 41 24 34 54 90 85 8 93 13 73 31 39 32 71 70 13 63 55 24 6 28 59 54 60 91 29 47 10 24 31 85 66 91 29 69 10 36 79 76 59 94 87 18 57 27 39 35 70 3 54 5 72 98 62 42 62 29 92 76 18 38 65 100 89 89 66 85 29 7 
24 3
27 36 26 87 46 14 44 68 60 86 52 85 29 4 18 76 65 27 95 33 6 50 52 27 
78 39
8 94 60 42 9 69 29 68 21 63 25 70 45 45 98 53 6 20 7 39 64 55 65 85 31 11 91 68 33 1 41 64 43 45 92 86 51 91 62 38 73 30 53 45 52 15 42 27 95 67 40 96 99 4 94 36 58 74 68 74 14 11 85 80 35 59 44 56 36 44 82 33 40 74 15 50 39 78 
51 17
38 11 8 25 63 90 61 17 12 34 2 17 60 93 82 63 5 7 60 18 2 26 61 32 46 60 14 76 95 44 79 27 71 92 15 96 12 3 56 27 83 65 52 53 92 89 27 97 34 62 53 
94 42
56 15 34 57 10 18 49 99 34 63 69 79 92 44 99 77 81 80 25 46 23 29 94 21 70 74 64 22 68 66 90 28 20 7 31 95 61 32 23 96 35 79 10 53 83 91 10 65 76 72 76 4 87 26 65 23 88 83 90 7 20 37 98 57 94 34 27 54 44 59 58 65 32 82 13 45 9 95 97 81 91 67 21 23 33 15 48 29 45 65 59 4 62 73 
55 15
3 55 69 36 86 55 34 57 39 47 97 88 49 97 8 44 17 22 12 47 32 34 10 78 62 66 18 24 61 10 86 49 81 84 94 82 24 18 15 37 5 38 20 83 73 52 8 2 12 54 20 51 10 46 83 
54 17
73 79 38 53 67 37 23 95 83 41 52 19 92 36 61 7 99 62 50 54 13 38 21 25 79 42 19 64 48 62 21 86 59 3 68 98 6 58 38 50 85 3 36 62 36 18 39 67 35 76 6 94 79 89 
68 33
50 9 63 77 25 12 75 67 74 42 66 68 31 76 3 67 81 73 33 61 63 97 93 67 45 93 64 4 4 95 66 55 95 20 61 65 43 86 82 6 20 71 38 75 78 92 47 20 50 38 39 82 8 40 70 47 63 9 47 99 58 24 93 19 58 31 86 14 
77 18
10 83 42 57 32 47 70 40 22 58 51 62 13 4 99 52 82 70 44 77 16 66 63 35 8 95 43 30 34 98 75 43 55 79 25 16 38 100 97 82 16 5 100 12 49 40 88 27 65 89 73 38 30 83 89 62 45 21 27 93 88 11 92 44 59 11 7 55 30 33 8 3 41 95 68 67 47 
54 1
90 75 60 35 94 97 45 30 32 80 53 66 78 86 71 28 42 12 39 55 71 60 47 81 6 60 76 19 35 2 88 15 9 47 41 54 65 54 81 14 82 29 31 88 86 1 36 90 84 94 49 57 91 24 
91 4
30 77 10 30 33 79 38 20 71 32 99 59 98 21 53 52 8 51 64 3 33 90 70 44 28 47 21 37 27 59 50 94 90 56 45 44 97 5 53 70 60 18 6 72 10 21 87 16 52 96 58 49 37 81 1 22 21 4 98 97 31 80 97 38 96 74 27 83 39 44 4 23 97 55 31 87 71 87 53 5 64 15 50 52 4 95 37 44 94 53 39 
31 11
51 60 47 34 49 70 97 52 98 99 88 68 2 81 26 32 20 40 64 61 77 63 21 68 26 71 86 8 58 51 84 
59 8
87 54 72 89 27 8 86 92 78 95 64 77 79 48 4 49 5 7 91 93 30 85 28 85 83 95 86 28 34 38 7 36 73 48 67 66 30 77 89 48 34 5 48 40 74 24 67 77 52 57 24 23 66 76 22 62 61 70 97 
28 13
73 94 74 94 75 39 49 97 9 35 77 53 57 38 96 29 3 96 60 82 68 44 10 54 86 46 1 30 
55 19
61 32 43 44 36 99 16 84 67 22 82 3 47 96 82 52 62 72 16 93 69 82 100 46 67 41 100 10 2 3 21 87 36 62 38 64 86 82 85 46 22 13 68 100 13 64 65 75 73 68 86 47 49 11 32 
65 11
39 82 84 73 66 59 40 33 61 45 80 50 52 56 84 86 65 38 67 95 1 83 73 22 42 42 58 61 79 8 73 90 7 83 39 31 29 12 46 49 23 4 81 100 27 99 45 12 16 19 18 100 24 24 20 65 3 41 99 61 46 93 52 6 67 
100 3
8 88 26 66 84 17 50 66 41 19 32 46 87 38 89 3 12 3 85 10 27 99 76 44 58 100 100 93 85 58 33 41 22 43 91 13 97 19 74 28 84 93 12 78 90 10 77 8 32 53 97 98 10 38 88 56 2 14 79 33 76 46 45 72 2 56 68 25 78 77 74 3 32 32 81 40 71 70 99 71 33 56 33 15 25 70 92 50 82 76 26 36 97 10 87 93 58 62 73 10 
97 12
20 57 1 84 63 5 58 22 18 53 23 65 5 59 11 5 39 25 29 33 96 73 14 30 72 3 20 32 26 84 80 77 47 9 7 90 8 89 88 90 37 69 6 48 74 82 39 76 35 24 36 59 81 47 90 57 83 32 20 26 58 17 51 18 51 93 88 87 65 50 61 49 85 36 43 96 53 94 96 78 72 62 50 18 44 59 88 38 72 78 15 84 8 63 1 98 63 
75 8
66 97 1 77 45 99 90 1 66 15 37 34 18 37 22 76 91 56 22 1 33 93 85 54 31 94 12 96 20 20 17 77 53 79 52 78 39 17 80 3 17 81 5 98 92 51 39 57 23 1 73 97 80 89 75 96 72 7 65 31 44 42 84 9 68 9 89 48 1 29 71 87 94 85 98 
96 9
63 87 7 53 75 95 90 4 96 31 91 32 73 47 64 80 11 80 71 23 44 11 84 22 93 11 94 65 14 35 20 98 81 1 8 85 44 89 46 21 52 30 33 10 40 88 93 24 18 26 28 59 77 57 38 100 16 11 51 37 2 37 16 77 9 89 9 18 59 84 24 5 30 94 61 8 56 2 38 36 34 61 10 79 99 47 79 7 80 8 54 10 54 90 14 27 
39 19
13 4 66 87 71 73 11 68 15 77 23 13 16 36 25 75 15 28 67 67 42 17 31 92 45 70 93 4 72 99 96 56 30 13 45 85 69 90 16 
