50 70 68 62 85 36 14 38 16 56 37 40 20 92 58 17 79 55 76 3 98 4 70 100 14 6 48 17 93 98 46 30 49 72 100 78 60 13 81 49 5 75 49 63 50 44 47 
60 77 14 91 58 59 5 71 93 48 58 6 92 19 50 35 51 85 72 65 23 76 45 91 88 76 11 53 46 85 36 76 27 51 85 30 81 55 70 47 68 56 92 16 18 7 27 80 12 82 76 
24 89 46 24 48 77 28 18 84 11 24 50 85 24 48 63 97 75 20 15 36 21 6 95 99 12 61 99 77 61 39 89 34 97 16 20 92 12 39 34 29 68 26 62 8 46 41 45 20 15 95 92 41 23 73 59 73 67 70 55 48 77 87 49 60 14 27 13 7 
40 49 4 32 90 11 55 29 25 65 15 59 12 36 63 75 38 77 85 35 41 78 64 90 68 72 58 59 15 32 39 19 67 99 35 13 56 26 77 27 91 75 23 33 76 50 68 66 99 5 90 54 21 74 70 4 13 22 56 79 59 66 56 24 83 84 54 53 81 53 75 11 67 5 19 83 84 52 25 62 
32 42 9 78 75 42 36 89 60 90 15 99 28 1 47 26 88 92 41 59 28 55 54 43 68 95 65 50 70 91 74 36 82 69 51 9 13 20 24 25 91 85 79 44 73 41 76 14 85 1 
6 53 92 6 37 70 42 97 74 32 87 18 55 23 4 98 73 91 61 20 16 21 96 64 54 44 72 2 46 65 1 94 14 58 14 
80 48 96 11 16 17 72 61 72 34 91 91 40 5 63 96 51 83 26 36 73 11 59 16 45 53 86 97 48 
46 14 70 71 9 79 50 24 52 47 8 51 74 37 34 96 40 25 73 68 77 39 93 28 96 37 27 66 67 64 18 52 54 46 35 18 59 55 65 43 67 45 49 41 64 2 45 67 24 100 91 68 11 18 42 9 42 37 25 32 72 84 93 73 57 70 26 4 48 63 52 6 26 80 77 24 77 61 60 33 39 16 83 11 84 52 9 46 16 92 81 64 47 87 1 96 12 5 84 73 
47 13 100 75 44 10 63 100 27 97 33 84 70 76 73 96 15 39 71 23 39 36 64 74 68 60 43 74 
48 44 28 93 72 78 83 91 7 19 80 18 59 39 68 41 51 81 93 16 96 50 27 4 19 70 68 9 61 91 63 67 47 6 33 60 91 94 93 7 37 40 99 81 47 56 25 44 1 42 66 17 75 72 9 47 89 3 65 12 37 55 45 86 
44 87 68 83 17 87 63 50 70 46 50 84 86 81 46 87 79 22 47 1 90 11 62 18 47 65 63 9 83 14 96 75 65 12 87 34 34 52 30 49 72 61 67 58 73 30 45 89 17 65 48 27 27 70 49 58 5 76 44 84 67 17 42 47 16 95 98 70 20 15 62 14 66 99 65 1 25 80 22 33 
51 92 84 83 72 34 85 51 4 38 60 86 63 33 90 78 71 89 88 29 95 79 46 28 15 49 21 35 76 51 11 74 88 60 41 74 39 21 79 30 80 71 40 9 29 25 24 19 57 95 48 63 3 93 20 40 2 37 14 7 32 11 52 48 51 71 58 5 72 26 3 14 24 34 67 24 58 95 77 69 30 15 89 62 93 27 52 
91 87 38 70 6 99 96 19 46 59 29 72 81 79 98 27 41 10 11 68 66 72 4 16 72 88 24 91 64 44 40 97 81 47 67 47 24 
83 12 18 44 46 39 61 9 46 31 5 77 26 25 47 13 63 33 44 49 48 57 59 32 35 38 86 17 31 64 41 13 97 15 4 47 95 10 24 52 71 31 43 8 65 36 38 98 4 38 45 20 5 86 8 47 83 63 44 73 20 32 10 51 
82 77 42 76 27 66 93 47 57 80 96 67 38 70 74 19 25 39 5 56 54 93 27 20 21 24 50 29 47 88 75 70 89 97 14 82 32 51 28 92 88 47 97 56 56 73 99 75 57 86 28 78 60 39 55 73 
28 12 13 14 48 29 93 33 89 44 84 83 86 44 65 25 61 7 70 14 35 88 32 37 63 95 38 13 96 92 89 18 69 86 2 90 45 78 34 86 73 51 7 74 92 91 2 24 66 56 87 10 99 94 16 44 63 51 90 47 76 25 52 88 53 37 2 92 56 
9 4 90 34 84 19 98 48 35 11 46 27 95 55 84 42 61 77 19 2 51 44 20 55 19 67 86 86 24 70 98 67 23 87 18 56 85 53 70 3 89 67 7 24 34 35 98 57 52 50 85 95 8 29 9 21 93 58 27 87 47 93 3 84 85 67 37 33 80 46 11 56 6 20 21 100 12 88 64 77 53 
90 37 79 29 31 62 44 91 45 18 6 56 14 19 6 19 69 44 15 22 40 43 44 11 33 21 1 86 93 45 41 
16 25 7 75 40 57 11 79 10 8 20 54 17 53 6 40 75 72 85 46 35 92 61 41 25 34 100 82 17 
54 65 22 86 28 14 94 100 35 42 24 66 67 33 81 76 74 39 43 58 82 26 16 43 15 2 18 52 88 29 4 20 93 44 69 95 73 40 27 61 48 85 72 42 44 38 24 77 48 73 24 82 41 34 20 93 30 12 42 63 94 76 14 43 49 99 2 44 33 46 24 19 54 67 2 38 46 64 26 4 62 100 12 39 
67 96 11 85 16 69 94 5 19 79 81 10 32 73 89 57 46 48 12 17 4 2 4 41 68 21 38 91 93 2 17 4 23 95 82 57 93 51 90 75 17 7 81 43 26 93 10 94 12 82 28 92 71 99 20 66 66 33 39 90 49 97 81 32 52 26 37 57 37 24 29 41 2 
64 34 36 26 49 29 23 16 91 57 53 54 93 72 44 12 87 82 1 29 83 59 29 36 8 73 61 66 42 29 85 18 61 66 35 91 39 25 31 78 77 29 20 17 37 52 17 26 8 22 86 66 70 26 39 34 77 86 46 21 96 58 40 85 88 91 95 26 60 3 88 9 33 65 7 
62 79 80 29 51 37 46 64 38 80 21 74 6 51 16 1 78 90 86 48 31 3 18 100 82 47 29 44 86 56 72 30 86 15 53 
38 45 85 25 58 96 45 79 22 50 46 3 9 69 12 68 93 94 39 52 71 69 76 82 29 88 68 78 21 86 68 19 77 28 75 10 4 45 41 14 58 69 80 61 95 74 72 39 77 99 19 12 65 40 79 44 68 42 34 44 22 7 76 15 
12 37 29 11 38 30 74 60 31 40 47 59 36 61 14 21 31 43 20 4 54 42 1 65 42 35 7 6 72 12 81 36 49 94 39 72 74 87 56 34 3 32 12 69 17 88 34 38 4 62 31 67 96 79 3 10 45 41 30 19 11 6 55 37 50 77 51 54 57 100 48 94 31 89 19 97 42 28 58 91 43 55 68 68 81 21 76 52 75 3 12 4 97 
69 23 42 21 47 51 67 30 24 50 31 90 1 65 53 18 94 81 60 88 91 77 40 25 61 32 15 63 29 34 97 43 43 42 73 4 75 92 23 45 
58 81 1 73 89 35 94 21 85 52 19 1 8 3 86 94 21 100 10 8 64 11 93 42 87 73 23 71 68 74 26 11 30 45 22 64 79 83 56 8 95 22 12 35 65 100 1 80 55 28 95 81 84 61 59 37 35 62 19 4 4 72 97 87 58 90 
45 32 91 72 25 90 85 80 80 82 3 9 71 48 99 78 45 86 94 48 77 71 100 80 46 73 44 32 74 28 5 58 22 40 42 91 50 
2 49 53 18 62 33 44 99 3 35 89 55 39 71 31 19 37 99 66 60 95 17 60 10 26 83 100 61 36 13 59 35 3 28 37 63 79 93 25 51 72 22 52 18 91 29 85 53 86 70 63 2 20 53 82 27 84 36 66 16 1 61 39 16 47 20 10 80 4 54 30 41 25 92 46 
1 5 43 14 72 60 2 51 65 12 99 50 42 68 19 40 68 54 81 55 42 24 56 63 7 6 85 56 74 74 58 76 24 6 60 30 93 65 33 74 83 5 24 
57 43 15 50 99 21 15 33 45 42 97 10 31 34 83 58 18 27 3 22 21 60 2 100 12 90 59 93 39 59 98 15 44 23 74 26 22 43 58 7 41 58 15 23 36 77 17 33 61 95 15 15 12 
30 75 85 17 73 14 57 45 39 10 81 56 38 81 11 47 20 88 21 28 70 91 87 85 95 61 9 63 20 7 48 20 7 90 62 41 9 37 28 42 57 74 2 66 88 93 58 44 74 54 55 96 29 41 37 20 96 13 53 99 92 33 79 46 88 81 86 12 93 
49 72 16 26 67 99 45 25 46 76 6 78 17 47 90 77 13 69 37 32 82 14 35 89 36 83 16 26 91 7 54 20 28 9 65 70 33 24 18 77 19 81 78 1 18 18 61 32 67 68 25 47 68 21 11 26 26 72 75 5 59 44 11 8 57 94 69 48 2 15 61 80 6 19 70 44 67 86 92 48 34 
100 46 38 25 94 9 78 53 55 65 92 8 81 29 90 30 60 60 6 89 92 37 37 82 67 20 89 40 1 45 83 72 19 60 87 1 42 65 95 74 93 
86 31 70 41 17 53 40 10 43 49 77 29 43 95 92 66 46 18 82 49 43 57 37 63 91 43 71 24 73 46 99 60 39 4 89 38 44 72 88 99 49 96 92 20 94 66 39 22 33 16 1 82 67 2 42 75 27 
85 19 43 46 41 43 71 99 99 43 13 35 74 77 11 28 98 58 25 30 39 53 55 59 95 21 69 31 85 54 58 39 22 66 89 74 52 95 32 14 73 48 51 23 28 98 56 63 45 70 10 89 69 58 37 69 13 25 96 22 44 7 13 24 80 30 
60 23 95 30 5 22 52 21 47 56 8 68 47 5 98 25 46 42 59 30 95 16 23 59 96 41 60 59 62 49 81 55 98 82 35 12 23 
56 35 30 26 31 11 72 75 21 78 4 36 51 61 6 3 25 75 62 12 89 7 30 9 94 83 78 29 64 34 64 67 66 77 78 23 40 52 99 36 24 41 10 15 55 39 23 49 6 91 60 29 41 11 64 74 10 1 50 66 21 41 49 82 77 34 99 41 41 92 96 13 55 27 55 13 6 74 71 83 6 10 78 54 65 36 44 100 2 81 32 
41 97 44 64 43 44 69 56 52 66 35 3 14 6 100 65 95 37 68 71 1 89 74 11 96 32 62 93 8 86 32 16 66 38 32 46 38 14 9 33 6 54 28 28 87 4 8 15 
54 93 46 24 34 24 59 22 66 90 33 81 84 90 23 4 14 61 19 95 51 20 95 47 13 82 23 90 93 27 
63 47 1 89 11 56 65 55 13 65 31 89 8 23 95 100 16 28 19 9 42 10 69 82 1 39 26 65 70 9 83 29 77 91 85 47 12 63 28 9 60 74 40 73 1 24 87 57 30 10 79 31 54 88 30 89 75 
23 35 19 22 70 1 99 77 16 66 72 27 57 91 41 39 95 6 85 63 49 60 60 16 21 96 55 60 11 44 38 86 96 55 91 28 61 37 72 88 
72 48 5 9 61 83 38 17 77 69 78 76 99 45 96 42 53 58 86 6 28 40 46 26 29 67 58 100 97 46 9 48 57 65 83 96 6 77 82 51 1 92 83 58 42 69 18 89 45 26 18 87 46 43 75 65 94 50 73 75 87 41 66 48 24 98 54 100 68 
57 95 11 56 74 28 70 94 80 49 38 65 92 74 24 37 83 77 68 13 13 40 95 1 44 37 45 35 47 94 96 77 52 83 96 20 19 75 74 26 54 72 83 4 66 28 88 43 48 9 95 7 35 36 53 64 42 57 2 51 41 22 29 50 44 58 62 27 37 92 50 55 54 89 45 35 91 6 6 67 38 37 76 12 98 13 83 58 50 81 
21 78 43 70 56 35 9 19 50 80 44 60 11 50 59 16 47 34 5 6 57 49 37 1 81 93 61 96 10 56 67 88 5 53 13 18 24 28 76 95 71 61 39 54 12 45 72 13 22 47 61 44 83 6 52 16 74 90 15 64 26 63 56 72 70 70 78 61 89 1 18 10 18 66 98 16 58 
69 32 52 92 49 5 83 97 15 78 55 62 62 18 37 25 48 18 8 97 97 84 83 53 67 5 26 78 39 81 14 100 62 12 7 99 40 71 78 79 41 94 71 22 43 95 6 77 5 50 10 22 99 64 34 36 2 41 41 10 38 35 60 23 10 13 72 23 9 32 7 
69 98 88 98 100 75 24 54 6 37 38 58 83 52 62 77 83 65 95 97 58 78 83 7 50 30 98 99 48 39 38 88 84 6 76 94 21 38 59 76 54 93 9 64 16 18 10 96 81 50 53 89 18 4 49 47 100 17 24 
72 56 10 61 75 61 49 65 48 33 35 23 83 51 64 100 45 96 38 93 1 10 19 27 77 34 13 49 4 83 92 27 9 92 45 89 21 39 49 52 74 21 6 46 80 75 50 45 86 84 70 58 83 9 56 85 27 5 41 46 43 61 58 52 50 42 94 49 53 25 96 15 79 78 98 74 15 46 76 
78 41 85 99 56 18 57 97 8 41 25 29 11 19 20 67 54 66 61 33 75 31 46 92 70 93 12 43 40 68 42 93 94 67 96 1 70 65 42 64 83 13 54 84 17 28 74 37 95 52 8 85 29 37 93 16 33 
59 32 60 74 62 82 26 91 77 70 15 84 72 10 66 45 11 91 19 35 53 7 4 80 4 53 18 92 91 54 26 90 54 91 23 70 81 60 58 81 28 53 76 75 1 18 75 90 
