20
11 9 9
2 8
6 11
2 1
8 6
9 7
8 4
8 10
3 8
8 9
11 7
8 9
6 7
8 3
2 10
11 3
5 10
8 6
5 8
12 9 8
9 10
8 6
5 12
9 11
10 8
12 10
2 11
5 3
7 1
11 5
3 5
5 3
10 3
10 11
3 7
10 9
10 12
14 13 8
11 13
2 3
5 2
1 12
8 7
5 11
12 8
4 8
6 7
11 6
10 4
7 14
13 9
3 2
11 9
1 14
8 4
12 2
10 6
10 8
6 10
18 11 8
15 17
3 17
16 9
1 12
7 18
5 6
13 18
3 4
2 10
14 3
15 5
7 10
7 16
13 5
2 1
18 2
13 3
7 9
2 18
18 17 8
2 6
10 1
12 8
11 18
3 18
10 9
12 14
10 15
11 13
12 15
10 2
16 14
4 11
18 15
13 7
7 17
11 5
10 3
7 9
4 7
3 11
9 12
12 8
1 13
13 12
18 17 8
14 12
12 1
11 18
18 3
9 16
14 6
1 10
16 10
8 17
2 9
8 16
16 5
13 18
18 15
10 11
14 7
4 8
5 2
2 14
14 13
8 14
12 4
5 9
14 9
11 18
14 12 9
13 8
5 14
2 10
8 6
3 1
13 2
2 9
14 1
1 11
6 1
13 7
4 6
6 11
2 9
5 2
1 8
6 5
3 13
14 13
12 9
9 13
18 13 10
13 12
15 8
18 5
9 13
13 1
18 8
9 18
2 13
6 8
5 3
18 7
14 15
16 14
17 8
3 12
16 8
1 10
18 10
18 15
17 15
3 15
17 18
9 4
14 13 9
12 6
14 1
11 6
6 7
1 3
8 9
6 5
9 7
11 3
12 10
13 2
1 2
4 9
11 14
1 7
12 2
10 13
8 2
9 14
3 1
11 12
13 14
11 9 10
11 10
10 4
10 5
5 6
1 5
3 9
5 2
7 3
5 9
4 10
5 2
4 7
11 3
6 2
7 4
6 10
6 1
3 10
9 7
16 13 8
14 10
8 14
2 1
15 2
1 14
9 2
2 6
6 16
5 9
16 3
1 7
15 13
4 16
4 16
4 1
4 11
16 15
11 16
6 16
4 2
6 15
16 14 9
8 11
7 8
14 2
15 6
7 5
10 1
10 3
5 10
13 14
2 16
8 12
14 9
7 9
6 1
6 8
6 16
1 13
14 5
10 12
4 6
2 9
6 7
10 14
15 13 10
8 10
7 8
10 1
14 8
5 11
7 4
11 3
13 10
9 12
9 11
2 10
1 15
6 11
10 4
8 9
13 10
14 2
15 9
6 3
12 4
15 8
15 6
15 1
10 5 10
9 1
2 4
3 8
1 4
2 8
1 10
6 9
4 8
9 4
8 10
4 10
2 9
3 9
1 2
9 5
18 16 8
12 10
11 7
11 14
1 12
18 7
12 8
16 11
17 16
12 2
17 13
16 9
3 14
2 16
6 14
12 15
12 4
15 3
7 17
15 9
2 4
5 10
17 5
8 16
6 17
16 15 9
11 1
13 1
7 3
12 8
12 7
2 12
14 11
11 3
15 3
9 13
10 15
16 11
5 14
6 13
7 4
1 12
4 10
6 9
9 14
2 11
6 3
3 14
11 6
11 13
11 10 9
9 3
1 6
4 5
2 8
4 2
4 6
5 7
7 11
9 10
6 3
8 10
8 6
5 7
8 9
5 4
2 11
10 6
6 8
2 7
14 12 8
4 10
9 8
8 6
2 11
8 3
6 7
4 11
9 14
12 3
13 7
9 10
4 1
11 3
2 1
8 3
8 4
11 12
3 2
14 11
4 8
16 12 8
3 4
4 10
5 1
7 3
10 5
14 13
1 15
2 5
9 4
1 12
3 8
4 13
6 8
15 8
15 3
12 3
7 13
7 10
15 7
11 9
17 15 8
15 7
4 2
2 15
3 9
10 15
11 14
11 3
8 14
16 4
6 14
13 11
15 1
3 7
7 5
13 17
10 9
8 5
13 8
12 1
10 4
11 8
15 12
3 10
