1 10 12 8 5 6 13 11 14 7 9 4 2 3 
1 2 6 4 5 3 
1 3 2 4 5 
1 4 2 5 3 
1 3 7 9 6 11 10 8 2 4 5 
1 10 6 8 5 12 11 7 3 4 13 9 2 14 
1 15 4 10 9 8 12 16 14 2 7 3 6 11 5 13 
1 13 5 9 2 15 14 11 4 6 3 10 12 8 7 
1 9 3 5 4 7 2 6 8 
1 6 7 13 5 11 4 2 12 3 14 10 9 8 15 
1 9 5 2 10 11 4 7 8 6 3 14 13 12 
1 3 2 9 5 10 8 7 11 4 6 12 
1 14 3 12 7 4 13 8 11 15 9 6 10 2 5 16 
1 7 15 16 12 8 4 18 14 5 13 2 9 3 10 6 19 17 11 
1 12 13 11 3 8 7 2 16 10 15 4 6 9 5 14 
1 7 10 12 8 13 11 9 2 6 5 3 4 
1 6 3 11 7 9 5 4 8 12 2 10 
1 15 6 4 5 11 9 13 10 2 12 7 8 14 3 
1 2 4 6 7 9 8 5 3 
1 2 15 5 13 10 17 12 16 4 14 7 3 9 8 6 11 
1 2 4 3 5 
1 13 8 5 6 4 9 7 12 11 2 10 3 
1 4 7 3 13 10 8 12 9 5 11 2 6 
1 3 5 8 4 9 6 7 2 
1 7 2 14 8 12 3 11 9 4 6 10 5 13 
1 11 8 3 5 10 13 4 2 7 9 12 6 
1 4 10 3 5 2 7 6 8 9 
1 2 3 6 10 4 11 7 5 12 9 8 13 
1 6 2 4 5 3 
1 4 2 6 8 5 3 7 
1 10 5 6 8 13 4 11 7 14 12 9 2 3 
1 6 4 9 8 11 7 5 3 10 2 
1 8 4 5 9 2 3 10 7 6 
1 8 9 12 11 5 2 6 10 3 13 4 7 
1 3 6 4 2 5 
1 2 6 7 4 3 8 5 
1 3 2 14 9 6 15 10 7 4 8 12 13 11 5 
1 7 6 9 10 12 13 2 8 4 3 11 5 
1 3 9 11 13 4 12 10 7 2 6 8 14 5 
1 5 4 2 3 
1 4 10 12 14 6 8 7 13 9 3 11 2 5 
1 4 10 7 12 9 5 13 2 6 8 3 11 
1 5 2 3 9 6 4 7 8 
1 2 4 5 3 
1 4 3 5 2 
1 12 19 18 11 15 6 5 3 13 4 14 10 2 9 16 17 8 7 
1 11 18 7 6 4 13 15 8 17 9 3 14 10 16 12 2 5 
1 8 3 2 4 7 6 5 
1 4 12 7 3 13 5 9 6 11 2 8 10 
1 2 9 5 3 8 6 7 4 
