50
8 9
7 8
7 4
3 4
6 5
7 3
6 3
7 1
3 1
1 2
14 15
8 4
4 7
2 9
1 4
5 7
13 10
2 14
5 11
8 6
13 3
3 4
13 7
8 1
13 2
12 1
15 15
14 10
11 1
5 8
12 3
3 7
11 8
8 9
9 13
7 9
5 4
8 1
2 14
8 6
10 15
13 15
13 16
3 7
7 11
3 13
8 7
10 2
7 4
6 13
7 2
9 2
9 6
6 3
2 11
2 6
2 1
5 2
12 3
19 19
15 1
11 4
12 6
12 1
6 9
15 7
5 4
17 10
17 16
12 7
4 9
19 18
3 4
8 5
14 2
12 10
17 14
8 13
12 19
16 19
14 15
13 2
12 16
8 3
13 15
13 6
4 15
14 16
12 15
16 5
13 12
12 9
11 5
4 2
16 15
10 2
1 2
2 3
3 7
11 13
2 9
5 8
6 1
7 2
3 1
9 7
10 11
2 8
1 8
7 3
5 3
4 1
10 2
8 8
3 2
3 1
4 2
1 4
1 7
1 5
3 8
1 6
12 13
11 2
11 7
11 6
10 2
4 2
5 12
12 2
12 11
1 7
9 3
6 2
9 12
8 1
6 6
1 3
1 4
2 6
1 2
2 5
4 3
11 13
11 8
7 11
2 3
7 5
4 11
4 5
10 4
10 9
9 11
9 7
6 4
1 2
4 2
16 20
13 12
12 15
1 14
12 14
7 14
5 15
3 2
15 9
10 15
14 9
15 11
12 9
7 16
15 1
10 16
9 16
2 1
4 2
3 6
8 4
5 5
2 1
3 4
2 3
1 5
3 5
17 19
11 6
13 3
11 7
4 7
6 5
12 6
17 16
10 14
10 4
17 10
10 12
11 8
13 4
5 1
1 8
12 4
2 16
9 1
15 2
6 6
5 2
6 1
2 1
5 6
6 4
6 3
6 7
2 4
6 3
6 4
2 5
4 3
6 2
2 1
6 6
5 1
1 4
3 2
1 3
6 2
6 3
11 11
4 3
2 9
8 7
11 7
6 5
10 8
6 1
11 6
2 4
1 11
5 4
9 10
6 9
4 8
2 7
5 8
1 6
6 5
5 2
6 4
9 4
3 1
13 16
7 9
10 7
8 1
3 10
5 3
12 3
10 5
5 6
5 2
5 12
2 12
3 6
2 13
1 2
4 2
3 11
14 15
13 10
11 14
10 14
8 6
6 10
7 2
10 12
6 7
6 9
1 13
13 3
12 7
3 4
10 9
5 1
17 20
3 15
9 15
15 2
9 16
10 14
16 14
6 7
13 6
13 7
3 10
12 17
16 13
13 8
5 3
12 1
15 10
14 2
2 1
4 2
3 11
11 12
6 4
11 2
9 3
2 9
6 11
4 8
9 1
6 9
6 7
11 1
3 5
1 10
11 13
2 5
2 8
3 9
11 2
1 9
7 5
9 11
6 5
3 5
8 7
6 7
1 4
2 10
5 5
2 1
4 2
5 3
5 1
4 1
18 21
9 1
1 18
4 5
5 1
7 12
8 11
13 14
7 17
9 13
17 6
16 9
13 7
18 9
1 16
10 4
17 12
17 18
2 4
1 3
2 8
3 15
14 15
2 3
13 1
12 9
10 11
1 3
5 8
2 14
2 1
14 11
5 9
7 5
13 4
7 10
11 7
1 6
19 21
14 17
7 11
5 10
6 19
14 2
11 4
5 12
9 5
13 4
4 14
18 4
16 6
13 11
18 6
14 16
8 10
8 5
1 8
6 5
1 3
15 2
11 12
8 3
9 4
10 4
3 11
9 5
3 4
8 4
3 1
7 11
8 2
7 4
1 6
11 12
7 8
6 7
8 4
3 1
9 5
1 10
5 11
7 9
1 5
3 10
5 7
1 2
19 21
11 6
4 18
10 15
5 17
10 18
19 12
1 16
14 5
17 15
19 5
11 16
13 4
8 3
15 9
9 11
15 2
11 12
18 17
13 11
1 3
7 2
15 16
7 11
6 2
3 11
9 4
1 11
8 12
12 5
14 3
6 4
7 13
7 6
7 2
11 15
14 13
10 6
5 1
16 20
5 6
5 4
1 15
9 11
2 12
2 1
12 1
2 15
11 14
14 6
5 15
15 11
16 2
8 5
5 14
8 4
3 1
2 7
3 10
13 4
7 8
1 2
7 1
7 6
2 4
4 1
5 6
4 5
1 3
18 20
11 3
12 4
5 3
13 11
6 3
3 8
14 15
16 18
2 17
13 15
12 6
12 17
7 10
4 6
17 18
8 5
14 18
8 9
1 2
7 2
14 15
7 9
11 9
3 13
8 1
14 7
10 7
6 7
13 10
2 4
5 6
8 12
11 7
8 6
14 11
2 1
17 19
2 5
13 10
15 17
10 5
17 1
3 15
1 10
9 12
12 3
11 7
13 11
16 15
12 11
14 11
11 17
6 1
11 1
4 1
2 8
19 19
12 15
2 6
1 19
13 9
13 8
16 11
16 5
12 7
18 16
12 5
19 11
17 13
15 17
2 10
3 13
14 15
13 12
16 10
10 4
19 22
5 3
8 12
3 2
17 8
11 15
12 15
6 3
11 16
14 19
7 16
7 15
16 1
14 1
14 6
11 12
11 17
5 13
3 18
1 11
4 1
2 9
3 10
19 22
6 11
6 2
2 1
6 9
8 1
3 8
11 5
13 19
7 13
10 8
2 5
17 12
10 17
18 10
4 8
19 17
13 5
3 18
2 12
1 14
15 2
16 3
6 6
4 5
1 6
4 2
3 6
2 3
3 1
10 11
10 4
8 2
8 3
7 8
2 3
3 9
1 8
8 9
7 6
7 10
1 5
8 8
5 8
8 2
7 3
4 5
1 6
2 4
8 7
4 1
14 14
8 11
13 10
3 2
10 2
7 12
14 7
10 5
12 10
4 6
9 3
5 8
1 4
4 10
10 7
18 21
4 6
14 2
11 2
6 13
10 12
12 14
9 3
8 13
3 15
5 10
14 8
3 10
9 10
2 5
17 11
13 7
17 12
11 14
2 1
2 16
3 18
16 18
9 4
15 12
10 12
15 16
5 11
10 16
8 7
8 5
1 10
8 1
10 5
16 12
2 13
6 13
8 4
6 1
1 3
2 14
5 6
4 3
2 5
5 3
4 5
3 2
1 2
17 19
16 9
6 2
7 6
5 1
12 1
10 14
2 17
6 11
15 14
15 1
11 4
13 10
11 10
13 11
2 14
4 9
13 14
3 1
2 8
5 5
5 1
2 5
2 4
5 3
1 4
13 15
7 11
2 10
4 8
2 13
10 6
8 10
7 3
8 12
6 8
3 8
5 3
11 4
4 5
2 1
2 9
