50
14 16
6 13
11 6
7 14
6 5
9 7
8 5
7 4
1 10
10 12
1 12
1 14
11 13
10 8
1 8
1 2
3 2
6 7
2 6
2 4
5 3
5 4
2 3
4 3
2 1
5 5
1 3
3 2
4 5
1 5
2 4
5 5
4 1
2 5
2 4
2 3
5 3
11 13
4 5
3 7
9 3
6 11
9 7
3 6
7 6
11 10
10 8
1 3
6 1
2 1
4 2
14 16
8 5
10 6
8 6
8 10
12 5
4 13
5 6
10 1
4 9
4 3
10 3
3 9
5 11
8 7
1 2
2 14
16 18
15 1
9 8
8 12
7 2
16 12
2 14
2 6
8 1
9 1
9 10
10 4
6 14
12 14
4 15
5 13
7 3
5 1
2 11
15 18
5 9
4 5
5 8
2 15
2 9
6 3
13 5
6 4
10 3
13 1
6 1
4 13
5 10
5 15
14 2
7 1
11 2
12 3
9 10
1 9
2 7
3 9
9 2
3 5
1 4
4 5
7 6
3 7
8 1
15 17
13 5
7 13
12 2
2 3
4 11
7 6
11 13
7 2
6 2
8 15
5 6
10 14
14 2
6 1
7 1
1 8
2 9
14 16
10 11
1 9
10 7
8 6
7 8
4 11
3 7
2 10
6 3
5 2
5 9
11 7
8 14
5 10
1 12
2 13
12 13
11 7
9 5
2 9
4 2
5 10
8 5
4 9
2 11
12 6
1 3
8 7
1 2
1 6
16 18
12 7
14 3
5 16
9 15
14 7
12 13
15 11
15 10
6 9
12 8
7 4
14 1
8 13
13 4
11 14
12 3
1 2
2 5
19 20
15 7
8 12
1 7
2 13
1 3
12 16
14 1
4 8
13 5
10 3
10 6
15 1
3 17
5 7
15 16
9 5
4 18
16 14
19 10
11 1
16 18
8 3
12 1
1 9
13 11
15 10
4 6
10 4
8 1
7 2
10 7
4 15
10 6
7 8
13 3
1 5
13 12
14 1
16 2
13 15
11 13
10 7
7 13
13 8
3 8
8 12
9 2
7 1
13 9
12 11
2 6
10 12
6 10
1 4
5 2
12 14
6 3
6 1
11 6
5 9
4 1
9 7
4 9
7 11
9 11
8 4
9 12
9 8
2 1
2 10
15 16
11 5
15 6
1 15
8 1
12 5
13 9
14 1
9 11
10 11
4 6
11 6
5 7
4 5
2 4
10 2
3 1
9 10
4 2
9 8
9 3
9 7
5 9
7 6
5 8
6 2
5 3
2 1
17 19
15 2
17 12
16 12
3 9
15 5
16 4
14 12
4 14
2 8
7 3
10 17
10 13
13 5
14 7
6 15
2 17
14 8
2 1
11 2
5 6
4 3
2 4
3 2
5 2
5 3
2 1
13 15
1 13
4 9
12 4
9 7
4 1
7 4
13 8
6 5
13 5
12 11
1 9
1 2
5 8
1 3
10 2
13 15
1 4
13 10
9 12
8 12
9 1
13 8
4 7
3 13
9 5
13 1
8 11
5 1
3 7
1 2
2 6
9 9
3 1
7 6
6 9
9 4
1 5
4 8
1 8
6 1
2 6
14 16
3 12
9 11
11 4
4 6
2 14
11 2
8 12
4 2
1 7
5 13
6 2
14 8
11 3
3 10
1 2
5 2
13 14
5 10
11 1
4 13
2 13
8 3
1 8
8 5
1 4
8 7
13 10
1 7
1 9
9 12
1 6
10 11
4 10
2 5
1 4
3 5
4 6
7 5
9 8
2 7
10 3
2 6
1 8
13 15
3 6
4 11
4 5
9 3
8 3
7 11
2 3
12 4
6 10
7 3
2 9
2 11
4 10
2 1
2 13
6 6
2 4
4 5
3 5
6 1
6 2
5 6
8 9
6 8
4 1
4 2
3 1
2 6
3 5
8 1
5 2
1 7
14 16
5 10
4 13
6 10
1 10
8 1
8 6
14 7
11 6
11 10
13 1
13 8
7 6
12 6
6 9
2 1
3 2
11 11
8 9
6 4
9 4
7 5
9 11
4 7
1 6
2 10
7 9
10 9
3 7
10 12
4 5
4 2
3 2
8 4
4 9
1 8
9 5
2 5
1 2
3 10
1 6
7 2
13 14
12 11
9 12
4 13
9 8
2 6
2 9
10 8
12 5
10 3
1 8
3 13
11 5
9 5
1 7
6 7
3 1
5 2
1 4
1 6
6 3
3 4
1 2
8 9
4 7
4 3
1 2
6 1
3 7
1 7
7 6
4 8
5 1
15 16
12 13
2 3
3 1
6 9
7 10
3 9
4 1
10 4
12 1
10 3
9 1
1 11
8 3
2 14
9 15
5 1
13 15
12 10
9 10
7 1
1 6
1 13
4 3
11 3
2 13
12 13
9 6
3 1
9 4
4 1
5 1
8 2
14 16
2 7
9 11
4 12
9 3
3 1
1 12
10 9
6 2
9 13
13 11
13 4
1 6
3 7
7 14
5 1
8 2
5 5
1 5
5 4
1 2
5 2
3 5
14 14
10 4
4 13
1 4
11 3
4 9
14 6
5 4
2 3
1 10
12 10
9 3
10 14
10 7
8 14
13 16
5 9
10 7
9 13
9 12
2 13
10 13
4 1
9 8
10 4
7 12
9 1
13 4
2 1
3 1
2 6
11 3
9 9
5 2
4 5
3 9
3 2
5 8
7 4
7 5
6 3
5 1
5 5
2 1
1 4
3 1
1 5
5 4
5 5
5 3
1 4
3 4
5 2
3 2
19 24
12 1
11 18
19 18
6 15
2 10
15 11
6 5
12 19
14 10
3 5
4 14
11 4
3 6
2 6
4 5
11 12
12 6
12 8
19 15
1 7
2 9
3 13
4 16
17 5
18 21
3 14
17 8
3 9
17 9
11 18
11 1
7 6
15 8
15 13
4 6
4 13
17 12
1 3
9 11
18 7
17 6
14 10
14 1
2 1
5 2
16 3
8 8
4 2
1 8
6 7
7 5
2 3
7 4
3 8
1 7
13 14
1 4
7 3
5 13
7 13
6 9
2 8
4 12
7 9
2 1
2 11
12 7
4 11
12 1
1 10
9 9
5 9
1 2
2 9
9 8
3 1
6 7
9 6
5 3
7 4
