20
16 18 9
9 15
7 5
7 11
15 3
15 1
6 11
4 13
3 9
11 5
2 12
13 8
2 7
14 9
1 9
6 2
5 6
12 11
4 8
2
5
9
4
11
1
16
13
12
18 21 9
4 13
9 8
16 11
7 9
16 9
2 18
16 13
4 11
16 7
13 7
3 18
13 9
9 4
14 17
12 6
16 4
17 1
15 14
2 10
18 5
8 7
2
15
12
10
18
7
17
14
6
15 12 8
9 6
10 5
12 1
13 8
10 6
2 5
11 8
15 14
13 7
14 4
7 8
15 4
2
3
12
15
4
8
10
5
16 10 8
3 7
9 15
6 1
12 13
11 8
10 4
11 14
2 10
3 2
3 16
15
11
12
4
3
5
16
10
12 8 8
9 4
5 6
12 8
5 11
10 12
11 6
3 1
7 4
8
12
10
5
6
9
11
3
19 16 9
14 16
19 10
4 5
18 5
16 15
18 7
15 14
19 8
11 9
4 7
3 2
15 6
12 1
9 10
10 8
7 5
15
4
11
8
17
5
14
1
2
12 8 8
2 5
10 3
9 8
5 4
11 10
9 12
8 12
3 11
3
5
4
9
7
12
8
1
16 13 10
12 7
10 14
9 14
12 2
10 15
14 15
6 16
7 3
5 16
9 15
8 11
11 4
1 13
12
10
11
7
5
6
9
1
2
16
18 15 8
12 10
4 1
9 7
7 14
12 11
10 13
6 4
2 6
11 10
8 17
16 15
17 5
13 11
18 16
5 8
4
1
2
3
7
5
15
17
10 7 9
7 8
6 5
5 10
2 1
1 9
3 8
3 7
4
5
10
7
8
6
1
9
2
14 10 9
3 10
8 11
5 12
8 4
2 8
12 9
13 1
11 14
4 11
14 2
4
2
12
9
6
13
10
11
3
14 8 9
12 10
6 9
7 14
3 7
5 1
3 14
13 2
5 11
13
4
9
12
7
3
11
1
10
14 17 8
2 1
10 5
14 8
9 11
2 9
14 13
10 14
11 1
10 13
4 12
10 8
6 7
11 2
1 9
5 13
5 8
7 3
9
14
8
5
1
6
4
7
12 7 10
12 2
10 5
10 1
8 3
5 1
4 7
4 11
3
2
5
8
12
7
11
10
4
1
17 11 9
3 2
7 4
4 16
7 16
8 17
10 14
5 13
12 15
2 1
9 11
5 1
6
9
3
10
4
16
11
13
5
18 17 9
8 11
7 15
1 12
14 10
18 16
17 10
4 16
9 12
5 15
3 13
16 3
9 1
15 6
2 9
13 4
14 17
3 4
18
9
10
12
14
5
13
16
3
15 10 10
13 2
6 5
15 2
1 6
7 4
3 14
7 9
2 11
6 10
12 8
6
7
15
8
13
4
9
3
11
5
10 7 10
6 1
10 3
2 1
5 1
6 2
5 6
3 4
6
1
7
5
10
9
2
4
3
8
14 10 8
10 12
2 6
13 1
11 3
8 12
9 13
5 14
4 6
7 3
2 4
6
2
4
13
10
5
3
1
14 8 8
13 6
4 14
6 2
7 3
4 1
3 11
14 9
2 13
2
1
8
3
10
13
11
14
