100 30
195 283 141 234 293 267 63 226 272 133 142 167 220 46 136 274 76 114 256 150 66 79 200 118 97 160 81 71 204 230 252 72 270 286 36 258 143 269 23 275 56 6 179 83 198 146 18 107 266 87 104 45 89 40 244 7 281 67 5 186 291 105 192 215 128 70 259 268 103 265 57 33 88 84 197 289 299 68 129 238 47 235 96 236 38 15 201 52 16 264 300 177 155 101 233 211 251 202 229 245 
79
195
244
179
118
252
63
47
204
258
89
150
23
87
114
71
234
167
299
235
46
36
6
230
142
66
128
256
84
96
