100
90
19 40 87 46 36 18 15 51 50 95 69 32 77 33 39 15 9 52 26 10 8 78 45 67 51 33 88 64 7 82 64 9 32 48 44 20 89 64 36 72 97 94 57 70 97 59 22 3 37 96 60 54 5 49 37 99 18 40 8 66 37 22 98 97 48 21 36 92 54 41 55 8 86 86 85 41 83 46 95 30 71 79 98 44 9 26 24 12 6 100 
45 28 96 44 11 22 13 27 59 6 34 65 38 42 84 49 73 76 97 95 83 93 86 84 38 11 63 81 34 89 89 93 55 18 87 97 73 74 23 2 23 39 61 32 96 72 34 65 54 45 35 7 20 64 88 27 7 18 33 4 50 77 89 83 54 66 15 42 13 42 65 33 13 70 23 75 27 62 90 47 86 36 100 15 82 84 32 65 14 53 
95
26 40 49 23 62 96 70 97 38 85 41 94 87 87 59 45 52 29 38 50 40 41 89 76 90 48 26 57 10 56 26 45 36 50 73 99 71 64 78 42 41 19 11 16 44 76 24 24 12 66 62 53 31 35 46 37 3 15 23 11 3 26 29 9 11 49 35 36 32 29 26 67 46 6 76 75 61 31 23 7 23 96 54 39 67 98 84 12 60 75 88 25 43 52 83 
35 76 5 26 85 64 49 5 23 45 95 82 34 88 55 42 35 40 30 62 70 74 93 88 33 24 17 18 12 91 74 79 25 79 78 87 54 82 37 2 60 2 36 73 100 95 69 47 38 3 39 94 52 50 32 33 39 6 72 14 93 68 88 30 72 6 11 6 93 42 78 64 78 89 73 71 76 99 87 87 88 77 53 90 19 21 75 95 86 2 64 88 88 76 66 
11
43 27 94 68 18 37 48 80 21 28 84 
55 83 59 99 26 13 48 83 73 36 7 
81
58 48 58 61 99 38 89 49 72 19 36 92 42 85 67 43 82 98 54 25 11 78 7 11 95 74 96 36 32 13 17 59 7 44 88 63 67 92 99 28 10 7 99 45 49 43 27 55 98 85 21 37 75 80 26 26 54 14 1 54 62 95 95 14 38 49 32 24 6 2 98 51 90 70 69 48 43 100 77 15 85 
51 38 5 33 27 61 38 86 72 62 23 75 59 39 82 17 55 39 35 4 55 45 54 67 90 39 49 70 4 2 95 88 68 58 87 88 51 34 74 30 47 86 25 23 56 22 96 42 10 6 3 81 8 84 61 59 56 85 55 49 82 70 32 7 59 50 79 37 44 51 33 80 29 67 28 2 86 10 11 91 82 
28
55 30 71 64 53 13 26 49 39 81 28 2 62 34 25 67 52 17 25 60 65 24 46 90 19 47 47 28 
59 46 46 98 13 71 55 26 98 51 14 45 60 24 10 75 12 30 23 90 22 45 73 59 36 97 14 99 
6
13 14 77 30 45 22 
51 49 99 59 86 76 
6
72 40 77 97 60 83 
61 21 51 13 87 90 
43
18 25 32 7 5 58 99 55 42 2 23 42 4 12 71 27 38 37 59 1 33 18 10 51 19 29 10 81 72 41 45 49 21 10 75 53 1 46 19 18 8 21 77 
40 94 72 38 92 66 8 72 70 95 1 40 53 10 74 15 90 67 13 71 2 19 18 50 5 35 50 30 55 97 72 77 64 21 77 69 93 80 99 52 92 4 43 
87
19 67 49 81 59 67 26 15 1 31 13 100 32 54 12 85 62 13 30 95 8 34 96 10 32 29 55 34 70 76 12 80 48 91 19 60 41 62 97 20 28 77 22 19 81 65 55 13 75 37 73 61 74 79 3 52 2 81 45 20 100 67 44 39 25 17 66 13 90 46 66 55 35 31 52 61 41 69 75 99 46 21 100 72 97 57 48 
26 59 33 48 47 72 73 39 75 22 13 56 24 24 52 95 76 84 59 4 90 8 91 79 73 89 18 21 83 15 41 34 57 56 47 78 60 53 94 4 21 99 36 32 36 84 99 46 85 74 9 48 28 89 62 31 50 74 41 71 76 51 48 62 50 42 86 29 69 49 45 86 80 4 93 59 36 60 94 45 4 14 69 59 69 39 77 
52
14 89 63 95 37 27 72 63 90 21 67 13 1 99 57 12 18 47 97 50 33 1 85 30 8 62 85 74 68 4 7 35 25 3 82 91 16 10 8 10 7 72 99 13 58 9 90 29 88 8 62 57 
87 73 30 7 8 73 36 45 56 96 20 66 46 30 86 14 22 64 77 43 2 92 20 18 46 93 87 68 83 18 31 45 75 15 63 4 46 100 22 51 39 50 16 56 41 98 77 14 53 10 22 98 
76
86 13 45 21 91 79 28 7 50 34 50 51 13 58 61 99 82 62 89 26 18 89 15 47 61 7 77 19 60 59 4 63 63 61 43 82 72 76 44 43 1 36 29 8 41 17 21 25 67 70 20 96 95 98 8 20 10 68 21 86 80 9 17 13 80 47 15 31 49 3 88 45 68 75 8 87 
10 10 74 15 7 94 10 72 74 52 35 35 5 32 33 54 24 32 69 11 73 94 92 28 1 58 90 32 11 54 31 100 30 11 45 2 49 52 24 70 52 65 24 16 29 29 51 68 40 42 70 86 14 10 43 58 38 4 59 8 49 1 53 7 90 88 99 64 8 57 93 86 27 68 97 5 
8
55 57 68 90 88 90 13 50 
17 36 99 53 76 95 40 80 
12
10 6 45 12 45 66 91 47 15 14 13 19 
63 52 39 56 18 6 38 23 64 58 22 45 
60
96 72 55 76 18 52 23 31 79 82 45 18 65 87 60 69 28 65 25 95 51 8 73 89 77 92 47 97 75 64 93 83 58 90 34 19 28 40 65 14 58 52 87 55 65 82 23 28 34 77 72 46 49 78 49 11 54 7 1 22 
28 4 68 35 57 99 52 38 31 90 62 65 38 18 51 58 37 10 65 1 95 75 70 11 66 43 60 32 79 42 90 86 93 36 99 50 7 52 28 53 89 3 40 56 94 5 28 88 2 2 84 78 89 84 82 62 82 95 78 6 
6
58 88 46 79 53 89 
48 35 7 50 8 100 
98
10 97 52 84 3 7 68 47 74 47 93 58 94 18 25 23 21 15 31 8 63 95 75 83 8 90 43 23 2 68 88 16 28 72 21 61 6 31 48 66 44 67 63 34 87 18 3 19 17 49 14 81 59 84 21 7 68 26 35 95 64 89 78 96 39 99 24 3 62 69 28 76 62 27 4 67 66 21 19 82 75 87 45 46 80 25 14 38 26 5 47 64 35 54 20 42 82 6 
28 96 6 92 83 32 44 60 69 73 46 33 22 56 24 96 79 46 58 33 61 6 72 79 36 28 85 42 31 25 71 33 20 78 11 94 86 82 59 11 46 23 12 79 96 77 74 55 28 9 55 13 51 67 17 8 41 81 82 43 22 56 72 25 34 36 37 63 26 48 35 63 32 76 57 14 40 10 70 91 49 41 90 3 35 35 64 4 13 62 7 49 20 98 86 64 19 94 
32
1 13 17 81 59 93 27 88 58 37 47 71 76 30 32 75 93 51 45 10 53 45 15 96 96 45 65 17 50 65 7 27 
37 22 48 50 77 74 12 100 82 57 91 5 66 17 56 36 21 19 67 78 83 20 67 90 22 15 42 36 95 96 87 96 
59
50 35 5 91 49 81 81 70 4 88 99 45 41 16 81 72 42 11 74 5 8 48 71 1 77 23 48 41 26 84 61 58 92 6 71 42 93 46 60 64 99 3 24 43 97 79 91 96 94 12 59 42 35 8 66 82 69 61 23 
29 10 30 8 30 65 90 48 93 69 55 57 26 38 99 51 81 89 74 29 30 71 98 48 58 81 41 21 1 91 35 58 26 98 20 54 21 57 94 41 91 94 99 47 85 41 49 39 43 30 5 55 73 13 5 65 20 3 47 
89
44 75 23 23 32 76 34 57 46 30 91 62 11 29 38 23 16 91 95 62 35 98 90 2 33 20 100 49 45 1 39 84 44 25 55 68 82 8 62 12 5 13 73 77 18 100 54 89 76 17 98 6 65 86 11 64 61 7 91 92 12 9 15 6 2 89 33 4 22 32 33 62 19 47 47 21 57 12 99 85 79 40 99 46 20 82 31 71 18 
23 62 38 28 80 89 89 34 82 9 18 68 25 32 62 34 9 84 81 34 17 50 21 38 55 82 23 29 11 20 36 37 62 45 58 15 9 43 64 57 93 35 79 64 26 18 74 70 57 76 98 61 84 44 68 72 70 45 45 59 62 94 2 17 18 18 87 7 100 80 22 39 48 11 17 42 65 100 18 37 25 68 6 41 2 29 72 48 79 
85
79 42 77 53 75 73 94 29 48 34 78 5 93 77 19 74 94 60 23 56 49 51 52 14 51 48 80 85 36 42 63 25 52 18 69 69 50 8 56 47 97 93 47 20 79 14 55 13 68 71 80 17 15 29 22 66 44 66 84 88 82 43 90 3 99 95 11 31 92 24 87 63 69 27 47 1 71 9 7 41 32 11 33 21 14 
95 43 22 73 46 59 86 89 23 5 2 66 85 44 10 55 83 43 95 28 39 82 70 77 3 26 39 3 74 23 21 80 25 93 15 37 25 82 36 74 19 75 85 100 27 95 79 100 60 88 32 41 82 79 82 20 95 91 89 45 39 32 4 75 64 8 80 50 17 60 30 72 56 29 89 99 52 73 91 15 12 83 90 7 98 
79
78 80 90 5 72 55 87 13 61 82 60 44 86 19 67 58 77 86 74 35 5 8 94 27 28 31 72 84 82 62 71 61 17 53 9 66 67 79 43 25 4 59 34 20 55 3 82 6 67 41 37 25 100 48 53 27 61 96 24 43 42 51 40 41 67 9 95 72 33 41 18 21 13 58 47 19 37 87 86 
18 97 38 11 96 60 49 68 78 60 100 78 73 21 37 23 70 76 18 13 27 16 98 80 72 57 8 53 60 82 79 14 71 30 58 91 60 38 87 36 100 26 95 76 31 29 100 79 85 73 100 57 17 69 86 66 40 24 46 31 39 18 65 9 81 100 4 47 29 88 54 48 77 71 24 54 53 97 68 
25
59 31 67 15 86 47 46 99 46 43 58 63 39 15 66 45 20 63 63 87 85 53 92 39 78 
78 75 93 3 18 2 24 83 81 17 81 78 28 95 97 79 29 32 15 68 50 91 32 53 98 
86
61 63 25 56 76 12 45 6 35 31 26 47 91 23 46 33 21 71 50 32 77 78 77 64 46 64 95 39 43 90 70 31 4 3 86 70 76 68 78 29 42 16 96 75 57 84 7 90 33 29 85 13 71 60 27 96 43 11 47 76 61 59 17 28 67 71 19 54 30 58 54 88 8 60 77 97 81 55 63 31 22 63 41 86 73 74 
1 94 93 19 10 93 95 28 17 36 19 19 90 93 32 42 15 52 76 46 43 88 7 80 66 22 11 28 26 68 89 82 11 90 49 39 16 10 78 50 96 74 19 22 11 83 44 94 99 9 20 9 46 48 16 95 6 19 96 6 46 96 87 28 12 38 70 50 79 37 73 97 21 88 89 21 23 80 75 97 4 11 98 8 38 30 
88
73 66 9 24 28 69 55 74 2 14 38 72 65 24 75 64 74 79 25 9 57 31 25 33 86 13 96 98 23 8 76 88 79 98 82 47 94 17 31 15 89 21 72 45 78 2 3 91 6 13 30 93 36 60 15 98 51 8 98 35 27 49 76 49 83 87 73 84 84 11 11 64 38 51 62 13 77 20 89 82 15 1 13 74 30 49 75 64 
16 80 25 100 97 40 15 85 5 94 49 43 100 100 7 18 19 29 46 47 86 98 95 52 91 22 51 29 21 54 8 53 5 77 7 39 79 47 68 43 47 2 3 35 98 67 76 94 24 46 83 47 89 69 39 74 37 63 63 13 51 95 32 81 16 59 99 56 46 37 94 34 97 15 3 15 2 96 96 68 46 25 34 50 75 59 30 13 
20
56 60 4 9 2 32 56 38 92 85 8 7 26 13 21 6 90 32 97 26 
68 44 31 64 50 71 92 88 90 85 9 17 62 54 92 76 40 97 73 66 
31
26 1 46 19 67 58 63 66 59 34 3 44 29 36 43 57 31 39 14 50 100 100 100 49 89 6 11 24 84 91 58 
66 63 47 45 99 42 58 52 38 23 34 67 50 9 55 26 73 50 9 4 36 7 96 43 42 67 64 3 80 7 50 
14
62 57 43 68 12 4 56 70 5 92 60 78 100 80 
49 70 24 37 33 5 42 46 57 91 1 62 74 52 
50
11 74 35 78 38 43 79 80 4 28 88 32 51 10 60 40 33 63 36 24 43 46 25 74 69 64 72 16 91 82 78 58 64 62 81 58 18 40 36 11 38 86 63 25 77 40 93 89 53 5 
16 89 50 93 82 11 83 33 92 39 22 100 31 30 62 49 98 56 84 75 10 28 6 6 81 90 64 37 6 58 9 93 75 81 28 100 68 64 17 48 95 32 46 74 18 92 2 19 90 93 
58
40 10 44 76 19 57 1 26 69 54 22 90 14 77 71 9 99 32 68 63 63 10 69 77 40 81 3 21 54 60 2 65 62 62 42 29 58 29 91 89 26 70 64 40 62 59 28 56 99 43 29 17 48 48 17 91 70 36 
63 40 36 59 31 58 55 41 11 66 73 8 97 63 67 19 18 23 22 36 11 5 81 85 12 87 69 42 18 90 14 70 77 39 58 96 97 55 20 56 13 7 37 10 60 86 45 41 89 93 79 96 67 3 52 88 2 38 
85
60 61 96 80 51 3 7 88 59 56 14 38 72 19 95 4 89 4 37 8 9 68 51 18 74 36 42 79 68 29 20 28 53 44 90 79 23 92 19 55 21 85 44 85 81 72 91 6 57 73 34 26 70 13 31 19 61 85 97 28 50 5 51 63 86 18 97 15 7 98 55 80 48 5 100 36 51 100 49 65 45 23 83 80 45 
60 97 73 90 1 51 23 4 99 72 21 24 77 29 48 26 79 13 77 3 91 15 81 60 94 92 44 52 68 71 83 31 78 47 61 11 50 22 58 11 7 35 64 46 2 5 34 19 62 85 21 23 88 90 4 94 14 64 62 66 58 12 77 14 32 48 88 11 30 43 94 95 39 8 15 67 63 2 63 5 98 37 88 87 64 
91
66 97 56 48 5 51 76 3 67 81 57 97 85 10 94 52 53 85 67 9 65 16 63 31 41 97 63 90 25 34 19 64 99 39 26 24 86 59 2 23 84 89 91 17 83 46 30 62 20 22 35 23 56 58 21 48 12 39 61 11 73 90 45 56 5 85 9 69 90 93 20 73 12 26 65 6 99 3 39 100 27 73 70 16 60 22 3 56 21 24 57 
71 30 22 38 85 21 35 15 2 1 37 39 42 30 94 37 27 88 26 15 19 21 24 95 77 78 47 79 45 11 38 64 3 30 33 64 53 2 41 20 11 83 44 85 19 20 25 19 30 72 88 64 22 1 92 40 90 94 49 32 42 5 52 9 31 17 4 71 6 66 95 19 78 67 23 71 75 84 56 33 53 43 69 7 10 35 95 98 68 11 43 
14
9 16 37 84 20 71 65 48 6 60 37 93 16 31 
81 59 83 65 82 75 16 52 8 58 48 53 20 55 
66
64 36 95 95 13 90 57 38 100 55 27 39 76 29 59 57 39 3 47 49 99 61 37 41 4 54 76 33 55 20 46 35 69 13 54 45 67 22 33 80 6 6 93 17 94 40 77 59 32 55 8 5 100 10 88 31 48 71 40 28 51 85 90 28 69 66 
28 34 2 58 62 15 70 16 43 87 2 68 89 22 54 60 17 70 19 50 37 58 69 4 8 86 58 58 100 75 24 57 23 87 68 55 76 58 32 47 12 20 72 45 66 50 23 8 23 66 43 16 41 65 63 62 9 77 96 94 38 64 8 77 42 93 
46
58 34 45 35 53 46 20 62 99 33 44 20 34 25 81 76 25 3 100 64 35 66 62 84 53 46 54 76 33 50 68 75 32 11 77 28 63 64 16 39 24 44 9 77 88 20 
21 58 23 27 32 7 54 81 4 64 64 7 40 95 62 31 45 90 22 11 64 91 16 29 90 84 43 27 69 22 53 33 14 62 9 83 27 99 78 78 38 45 19 50 83 56 
55
84 61 44 61 40 20 100 17 48 11 22 64 18 50 65 100 2 40 12 71 74 33 96 2 35 76 42 81 19 92 31 23 48 83 59 70 95 81 36 74 9 86 73 100 60 59 52 59 59 42 12 74 13 27 56 
89 61 28 66 54 1 24 62 14 22 6 8 54 70 44 21 45 98 29 52 67 83 100 93 41 27 92 35 94 72 86 22 92 6 93 44 2 92 89 63 22 56 19 53 71 75 83 3 75 99 2 22 71 51 85 
91
98 12 26 24 96 19 48 33 51 64 4 73 36 41 53 59 58 87 83 45 12 23 12 38 82 30 62 78 71 64 23 27 72 9 63 19 8 7 14 51 79 82 2 67 44 4 37 14 36 100 53 43 32 4 28 6 71 100 32 73 80 11 7 78 79 3 47 7 30 24 23 78 13 91 10 32 93 72 6 34 93 2 100 50 41 17 82 76 25 78 31 
85 23 96 2 61 54 99 25 69 64 80 75 43 82 66 27 12 100 100 54 69 69 29 81 40 13 36 21 68 17 15 37 37 3 9 34 95 15 28 74 51 29 97 35 54 94 82 41 74 45 92 58 82 44 53 23 72 66 84 22 10 3 61 79 91 14 39 83 5 27 15 3 19 18 60 57 24 36 72 58 68 71 53 25 77 94 99 49 74 30 74 
34
52 25 82 81 73 34 68 91 47 86 52 63 31 67 26 63 25 38 28 72 84 20 22 97 63 33 98 15 28 7 83 80 91 7 
32 45 85 15 52 93 60 86 7 16 20 62 6 52 81 72 42 96 98 72 28 47 32 91 1 10 58 70 37 80 67 74 44 20 
75
39 65 42 19 53 32 95 4 7 88 38 80 28 78 41 70 70 12 17 86 22 43 80 58 31 46 61 23 49 1 8 82 33 54 38 63 97 68 77 36 50 40 48 98 8 33 95 19 1 69 72 68 39 97 64 67 54 100 85 90 35 13 20 32 89 3 60 54 13 49 84 26 35 28 55 
1 78 18 33 6 49 24 74 34 74 13 97 15 96 3 32 82 53 52 76 80 81 69 95 68 70 9 94 35 36 24 84 12 69 1 62 84 27 59 98 98 64 76 28 92 58 92 7 74 64 89 45 66 43 100 18 15 72 57 61 79 95 82 73 57 47 100 5 35 46 62 22 30 25 51 
100
59 82 15 29 17 86 82 22 56 20 56 81 8 3 79 69 48 31 7 68 25 51 61 17 58 45 76 95 41 95 14 20 67 72 62 42 89 44 18 96 32 39 99 51 71 43 64 62 62 22 100 29 7 24 79 16 63 57 70 29 68 95 61 46 90 40 52 57 39 99 100 20 97 46 31 63 55 63 5 92 52 30 17 65 59 66 22 30 68 97 38 68 13 11 3 14 18 45 98 4 
56 19 66 99 14 72 27 36 21 30 30 41 44 38 67 74 69 89 63 71 33 22 41 3 45 18 64 71 24 93 31 10 74 19 42 100 42 85 4 23 49 17 90 9 53 61 37 67 21 1 38 48 97 43 21 51 6 51 42 56 99 38 87 95 90 74 14 44 10 43 24 67 12 69 42 69 49 47 97 91 25 72 93 52 8 75 36 53 15 48 9 92 76 44 62 32 14 55 47 72 
19
14 61 95 51 83 96 76 61 88 13 66 81 44 14 76 33 93 35 6 
63 44 20 8 88 5 60 56 12 85 96 62 34 64 75 63 82 39 92 
89
32 15 51 47 97 62 33 32 44 90 62 24 56 94 69 92 56 10 11 24 86 61 5 99 6 38 59 19 96 10 2 47 99 4 86 36 58 93 28 82 98 38 45 19 1 17 65 74 98 4 3 98 90 23 19 60 61 20 95 58 89 66 82 50 50 56 11 70 42 68 6 35 68 97 23 31 4 85 53 10 10 45 54 58 86 84 10 41 17 
36 1 33 67 62 25 21 20 99 56 15 75 53 89 88 54 10 62 52 69 60 76 64 20 7 55 100 73 23 92 38 36 30 36 74 16 32 43 99 33 49 31 99 4 30 27 38 31 7 59 41 48 95 60 56 6 35 80 89 79 95 44 76 25 1 50 84 38 97 51 26 59 60 32 62 26 16 39 96 62 66 42 77 64 44 92 50 13 33 
40
99 94 4 12 31 46 41 92 21 81 86 83 24 26 47 57 2 54 19 82 49 34 84 65 54 40 75 52 3 24 79 63 76 4 7 93 96 75 7 48 
77 36 26 41 45 62 47 95 62 38 29 15 80 34 82 95 98 8 53 33 90 50 90 12 38 69 52 18 90 48 45 39 55 74 39 24 9 26 25 38 
45
81 79 31 37 65 82 14 94 83 63 23 50 27 34 28 73 24 78 57 13 42 7 12 27 32 83 27 84 65 71 33 42 56 98 2 26 71 53 47 52 54 13 50 83 54 
67 29 5 83 30 72 7 55 91 67 80 43 67 97 39 40 70 78 16 28 49 41 25 63 31 50 22 56 3 82 48 30 94 54 97 67 97 32 40 76 55 71 76 55 62 
9
95 1 55 32 81 89 52 29 66 
26 10 71 85 7 73 37 39 39 
46
77 59 51 4 41 68 40 23 57 27 89 2 58 64 27 81 33 59 45 11 5 17 55 29 99 98 46 59 32 75 55 11 19 94 69 77 31 24 81 77 92 62 60 6 79 19 
12 7 18 8 8 40 36 35 20 22 5 30 3 88 50 79 84 37 21 1 49 98 68 72 85 97 67 72 87 72 91 58 74 72 56 18 53 28 64 85 100 16 29 91 69 60 
29
5 15 77 94 18 44 3 42 92 39 6 80 57 72 31 12 84 66 93 33 3 75 26 80 65 20 34 96 97 
91 29 35 70 20 41 13 46 58 88 21 54 80 39 90 53 95 91 65 41 47 62 50 58 47 32 52 21 61 
96
56 19 12 89 79 73 82 58 86 29 49 40 55 11 36 22 37 30 81 41 5 27 36 10 71 71 81 96 85 75 36 32 1 56 42 37 20 95 80 33 19 66 20 70 46 34 39 29 84 88 76 18 55 38 33 77 63 61 2 88 74 44 90 37 19 85 84 45 18 9 63 89 30 7 62 81 41 36 99 11 23 39 20 74 26 36 49 70 98 51 5 63 64 8 31 11 
64 7 90 32 39 97 6 23 87 99 6 80 87 25 92 22 46 15 91 34 3 75 99 58 75 81 53 25 79 61 49 65 18 62 45 39 64 52 76 62 8 30 1 10 57 68 37 69 41 63 33 63 84 78 77 100 34 59 9 72 15 3 87 64 20 98 38 37 14 46 30 26 58 57 84 64 29 20 54 54 60 83 30 58 43 9 84 54 38 31 58 34 60 71 87 81 
73
64 84 81 70 71 8 11 84 59 54 37 8 5 24 35 88 36 65 74 1 60 11 29 93 57 30 78 86 100 64 83 2 59 41 51 73 13 17 37 12 61 36 41 82 2 96 42 97 87 20 33 99 66 62 87 87 11 77 78 81 61 73 95 52 77 45 69 80 81 63 54 43 70 
35 43 4 99 32 89 35 28 50 93 24 97 15 5 36 70 29 72 47 6 40 87 10 13 8 67 45 30 14 91 64 58 89 39 19 50 57 70 42 76 84 98 78 82 47 42 26 11 15 31 61 19 37 40 37 60 6 89 90 41 42 56 43 73 33 62 29 50 32 97 72 51 100 
98
80 37 35 24 11 33 34 43 96 97 8 46 75 50 76 15 52 20 8 28 49 89 28 55 93 17 8 82 26 72 75 88 9 37 69 89 31 52 12 71 26 37 35 65 83 60 76 97 84 57 73 63 15 9 12 63 3 19 6 30 28 89 82 33 77 46 50 5 28 67 9 9 27 65 42 22 66 29 63 36 50 88 86 27 49 55 92 24 11 47 27 79 38 31 18 32 28 38 
78 97 45 70 91 21 60 7 36 43 5 20 19 71 35 89 70 53 47 76 68 25 72 21 16 67 87 7 82 87 60 18 2 1 77 33 10 28 97 66 69 73 55 83 65 26 35 6 11 67 63 18 65 94 3 65 49 44 14 83 11 78 96 17 6 84 82 73 14 11 50 47 8 25 55 22 37 78 59 8 69 71 27 23 51 35 32 35 8 2 47 48 34 33 83 14 15 49 
11
79 42 47 60 30 86 34 95 84 87 67 
50 37 33 27 2 54 3 96 46 3 74 
6
22 92 11 65 53 58 
65 81 26 26 55 47 
71
93 41 36 43 44 69 31 43 32 83 13 98 60 55 15 41 75 26 2 68 67 12 20 71 5 41 100 70 63 53 74 68 36 81 65 51 96 32 95 94 44 83 5 40 56 55 3 14 83 83 22 51 74 64 8 58 36 6 32 90 94 56 53 24 39 24 46 52 59 51 2 
91 17 29 53 61 9 19 49 11 74 90 59 96 5 2 1 57 88 10 83 10 70 100 36 18 22 33 53 68 41 75 78 6 99 48 42 73 69 88 7 71 19 58 29 50 93 78 22 88 28 69 48 100 89 56 64 11 16 97 45 83 77 88 88 5 34 97 3 13 23 46 
51
4 81 56 28 9 27 32 81 61 6 2 76 94 90 18 82 34 53 65 2 10 44 30 71 44 85 69 56 98 16 61 99 29 94 78 42 71 2 64 80 79 50 72 59 17 53 64 75 51 90 39 
55 65 98 14 3 36 13 96 92 38 93 54 74 17 47 45 25 64 7 65 36 5 76 82 97 4 2 42 38 100 71 87 82 4 37 15 11 50 78 35 60 68 65 88 49 46 2 44 32 73 81 
86
49 60 67 21 9 65 96 90 39 37 94 99 15 44 58 23 61 25 30 29 5 5 17 24 51 100 97 80 50 61 23 46 69 27 45 11 28 21 81 78 38 51 55 21 43 58 7 49 48 77 8 63 48 82 28 88 58 19 68 84 98 76 34 48 87 10 46 30 7 90 91 84 14 54 29 58 71 62 84 25 26 11 13 81 79 31 
33 56 100 3 28 74 77 3 12 84 16 40 26 67 44 100 69 94 52 18 29 78 66 72 34 32 72 95 12 32 20 39 44 86 9 67 25 51 84 49 73 12 63 58 88 37 44 50 92 50 36 20 99 15 50 73 23 97 7 57 91 21 53 100 12 65 73 43 67 1 35 48 71 81 81 47 38 73 60 1 59 84 19 4 39 84 
30
69 96 48 91 27 21 4 55 25 74 62 92 40 65 62 53 95 38 15 87 21 19 10 60 10 55 25 7 32 22 
11 49 50 68 73 34 13 47 5 16 97 61 63 15 94 87 9 27 42 19 89 79 30 10 88 28 25 37 16 68 
22
91 74 82 43 37 11 52 77 32 30 83 30 88 68 91 61 89 26 49 8 98 45 
82 52 92 74 87 9 4 99 41 13 82 48 53 15 44 6 79 96 7 38 75 80 
24
23 22 82 13 69 35 87 51 97 5 47 23 33 13 98 85 49 93 8 81 75 37 74 25 
76 54 51 86 53 59 11 66 96 88 23 48 65 54 36 36 39 1 85 13 35 23 71 36 
24
64 57 34 68 52 86 82 90 49 2 6 79 33 40 37 85 55 54 10 27 10 28 1 60 
100 28 96 49 58 13 46 96 90 19 25 45 82 17 56 97 9 54 76 62 6 68 41 47 
39
53 57 51 86 1 63 99 58 38 17 52 18 28 34 58 79 85 91 56 62 54 25 88 21 10 34 61 69 88 24 11 88 87 59 30 79 23 24 65 
93 91 55 86 8 74 56 3 22 86 5 65 12 96 59 46 68 7 100 36 4 100 13 44 18 54 47 81 1 49 36 48 46 44 6 97 65 18 35 
47
64 47 86 99 76 24 26 24 59 8 76 98 60 88 80 91 82 43 13 12 38 39 73 84 76 82 38 29 56 66 89 35 57 47 77 45 52 32 92 12 73 94 20 35 1 50 73 
69 27 10 99 57 7 30 4 5 29 70 5 80 4 16 70 41 22 77 48 23 13 36 50 3 98 21 81 36 86 99 33 34 20 5 31 77 100 35 91 11 19 18 22 75 19 66 
98
89 53 72 74 9 39 70 1 100 11 93 25 11 75 6 7 26 81 24 15 19 78 84 11 25 47 71 64 12 99 19 53 39 1 98 17 44 94 19 90 17 23 69 17 45 66 1 23 97 66 39 44 32 7 40 24 92 76 16 71 43 90 55 45 78 70 97 36 60 93 28 71 16 92 12 39 30 89 84 22 45 43 42 81 62 63 45 9 70 10 51 76 31 97 8 78 28 22 
86 92 73 97 41 4 50 99 92 79 36 52 69 37 12 85 11 80 53 90 57 58 26 38 95 47 31 80 25 30 58 46 43 52 9 63 33 35 3 38 41 60 1 57 21 5 35 66 86 13 73 43 53 41 55 38 1 52 70 7 58 15 86 83 5 13 25 20 15 49 63 25 77 12 30 44 10 99 75 82 30 4 28 15 51 8 52 20 13 59 50 53 99 52 50 94 13 78 
50
23 28 46 98 54 26 52 20 62 39 37 48 29 73 66 81 65 22 53 28 30 89 15 26 76 84 27 62 37 2 27 33 65 39 26 75 86 19 98 56 87 65 68 19 73 22 63 3 19 10 
90 31 36 91 90 11 19 94 5 85 53 63 17 64 40 26 73 95 60 57 18 24 86 65 50 52 73 52 33 48 4 15 72 64 69 11 99 2 30 1 98 18 3 93 26 42 27 95 64 47 
32
56 3 4 32 42 35 4 39 11 75 5 52 6 66 32 12 62 8 3 38 53 65 75 51 59 77 80 24 52 32 58 73 
30 24 26 38 9 72 72 74 4 40 90 15 11 28 98 89 28 19 18 14 74 49 45 28 96 55 82 13 72 19 100 65 
14
96 41 53 90 92 39 90 66 73 41 64 49 66 8 
44 59 15 55 72 3 47 29 39 87 57 39 71 51 
48
84 25 68 52 79 75 71 52 27 75 31 60 14 26 2 24 64 95 46 4 47 85 78 68 34 69 41 14 97 27 67 55 99 72 76 2 29 15 86 52 80 19 3 80 92 20 66 45 
49 16 35 76 18 27 9 8 14 1 41 96 48 50 11 71 38 97 93 10 30 83 63 13 44 15 43 37 47 28 15 43 38 70 51 82 7 65 74 94 33 22 19 21 45 53 55 80 
89
72 21 11 19 16 96 75 96 22 78 78 76 72 31 11 4 3 48 69 68 88 49 96 82 97 33 24 65 84 79 87 56 31 78 85 87 91 61 54 20 4 76 93 11 75 25 13 46 64 64 82 20 24 23 48 22 21 18 63 18 2 32 23 62 11 49 11 31 39 80 100 46 67 35 1 29 85 99 68 68 36 65 94 53 12 80 46 5 8 
5 76 75 19 87 24 26 79 91 54 82 55 92 9 99 76 40 3 76 9 71 52 96 14 97 99 19 62 55 90 42 55 46 91 90 67 80 31 43 8 62 61 94 23 29 18 39 93 62 82 89 57 60 35 71 69 21 12 12 22 84 20 23 34 57 72 85 89 27 1 73 8 30 32 79 43 36 6 68 84 18 90 80 72 55 55 23 55 23 
67
8 20 44 17 46 23 10 57 3 5 19 44 17 70 42 82 84 7 68 99 75 12 10 65 97 34 68 60 28 2 2 2 60 20 55 83 63 76 93 97 77 57 39 69 75 46 21 62 76 93 39 88 77 91 45 92 12 64 14 76 81 70 2 17 9 30 75 
23 12 8 6 28 73 23 78 97 41 34 90 88 25 12 85 56 24 32 90 72 92 24 78 4 64 96 94 25 63 7 2 66 86 57 92 25 100 81 75 1 52 8 6 94 98 87 93 68 54 95 79 7 57 72 20 88 29 32 70 6 46 42 23 84 86 77 
88
85 69 20 43 69 49 44 61 46 66 31 91 33 13 64 89 85 68 68 69 24 47 5 63 78 81 96 44 1 54 80 28 40 94 98 91 25 68 76 65 3 17 38 62 49 67 97 23 59 9 14 58 91 48 26 21 32 33 15 89 22 49 20 27 55 59 7 18 76 93 51 53 26 20 61 26 76 22 15 91 47 46 55 42 42 73 80 2 
77 65 7 16 6 47 84 6 96 52 24 96 98 59 59 1 33 10 96 30 22 96 72 10 20 78 93 4 100 16 63 35 18 24 52 87 1 62 54 87 9 23 34 82 92 31 76 48 19 6 45 55 86 28 55 80 68 1 15 2 14 16 66 35 95 59 74 30 47 97 70 29 82 9 35 88 35 88 27 55 22 90 95 84 2 57 44 84 
59
40 58 27 95 60 76 21 40 89 7 69 83 18 19 2 65 34 71 69 4 93 26 42 27 15 41 89 12 72 74 40 40 93 42 42 49 93 30 5 46 72 28 50 71 2 83 24 96 42 40 99 87 70 45 35 25 60 26 22 
12 18 39 9 52 12 84 20 56 5 29 24 45 96 24 47 94 86 37 58 86 9 35 76 37 76 38 18 60 20 50 83 67 82 5 50 43 49 33 41 19 11 75 62 6 96 46 68 28 77 21 72 97 81 23 73 48 3 100 
17
13 45 95 3 97 30 43 74 85 81 41 93 11 41 48 24 5 
5 42 45 22 28 18 99 4 23 92 56 75 96 83 26 17 34 
24
1 100 89 57 98 94 79 10 22 7 92 94 95 75 1 76 58 90 29 88 26 95 50 30 
67 95 89 1 28 42 19 83 62 29 30 27 88 26 26 18 94 44 30 59 51 21 27 31 
94
68 35 62 31 28 70 88 30 35 82 94 2 71 49 21 90 55 100 68 74 89 93 92 79 48 24 27 31 100 10 21 42 88 76 35 23 15 78 21 56 43 22 16 55 93 89 42 55 35 69 97 62 57 74 12 1 55 48 56 92 92 72 13 7 59 21 25 81 98 56 72 96 7 7 47 63 100 75 80 9 67 57 68 97 3 32 24 73 7 33 88 67 81 74 
7 73 95 19 62 84 62 1 92 20 32 18 52 13 79 90 23 22 3 14 1 23 25 56 79 67 99 46 22 43 77 11 88 58 30 52 11 27 80 70 29 36 48 63 20 96 85 17 65 71 3 98 35 91 85 57 12 41 48 24 56 17 33 91 10 3 48 93 20 16 86 81 13 30 42 17 49 63 85 86 79 72 38 81 16 35 56 43 46 17 55 74 44 40 
84
71 8 79 86 20 68 57 49 58 39 30 17 28 64 67 86 35 94 23 51 4 95 63 89 48 25 77 55 94 65 62 38 68 33 41 30 19 43 44 14 86 80 10 41 6 27 48 74 71 50 40 35 83 38 65 31 45 26 2 75 86 43 65 49 96 12 11 6 83 33 42 23 65 56 39 15 42 56 24 79 61 77 18 18 
61 19 24 1 59 47 75 43 63 78 86 4 9 33 10 35 41 87 63 74 5 9 65 99 89 19 77 94 57 21 31 44 14 78 20 96 13 91 80 22 80 66 52 50 60 64 72 68 11 1 4 94 77 3 61 13 69 96 60 51 56 98 31 70 61 53 8 58 15 2 12 83 16 6 24 95 5 99 60 23 38 3 41 70 
10
87 2 99 35 52 68 100 50 68 98 
17 90 17 89 90 91 87 44 57 43 
28
48 84 81 22 83 89 34 65 8 62 27 67 100 46 30 76 49 97 94 84 58 24 44 65 81 78 88 88 
57 81 20 57 72 53 70 84 42 32 97 36 65 74 8 14 26 9 27 95 68 42 14 30 96 48 50 44 
100
53 32 41 23 26 47 11 50 26 95 33 93 97 25 73 87 27 81 85 100 78 30 45 20 34 44 15 78 86 20 19 3 70 43 7 32 53 14 26 31 8 26 73 20 99 42 50 26 50 12 92 100 51 92 16 9 94 95 59 97 28 20 60 89 82 79 24 12 13 96 9 43 43 20 31 82 14 93 72 2 17 73 32 53 52 18 63 51 32 56 70 90 57 20 83 54 95 85 85 72 
63 63 26 24 73 46 23 4 73 32 45 17 50 39 93 71 8 51 30 48 70 100 96 18 14 59 78 88 23 74 55 43 87 14 91 69 84 98 1 83 31 26 53 27 46 82 61 5 53 19 5 25 49 31 64 13 40 56 50 40 58 53 29 88 7 8 1 66 13 18 62 16 4 38 17 54 63 40 12 7 89 90 26 37 33 20 29 63 84 55 11 43 27 66 26 11 50 41 16 90 
89
97 4 35 81 25 87 11 94 46 58 94 70 54 94 99 25 86 60 42 12 33 67 37 30 57 39 4 82 29 16 6 100 15 86 66 47 44 68 8 21 86 44 84 10 24 72 40 39 95 17 90 78 19 27 29 16 70 71 59 17 26 31 84 3 31 5 7 47 90 51 92 86 13 75 63 23 6 54 15 61 89 41 70 14 28 97 90 63 56 
41 80 36 45 38 77 68 80 60 16 48 58 86 93 16 39 27 87 62 85 75 64 81 12 53 30 64 31 14 77 56 59 40 39 87 85 90 32 62 20 56 74 9 9 91 29 21 56 22 77 17 92 10 6 87 4 64 34 19 57 73 25 6 46 73 95 62 63 47 13 57 15 17 43 98 49 9 84 16 86 94 87 37 44 66 21 14 72 42 
97
83 53 39 100 9 89 44 30 34 5 18 59 89 80 17 35 90 23 98 6 51 89 59 23 31 89 8 77 90 13 78 96 32 5 28 70 15 64 43 33 13 35 11 76 5 96 82 84 7 44 18 36 44 20 24 85 89 36 66 58 72 15 37 11 6 95 10 88 71 86 46 5 90 63 12 78 73 4 65 71 15 83 36 53 23 14 34 62 43 36 80 14 20 28 39 98 64 
22 4 32 64 64 94 18 3 4 57 26 69 15 17 26 3 16 82 13 87 12 81 49 54 93 83 33 71 98 35 42 7 63 59 76 76 35 46 23 11 82 84 16 34 90 92 22 95 6 100 34 63 50 17 9 56 99 40 18 89 75 10 60 5 10 87 10 22 98 5 78 66 79 75 15 3 32 43 6 6 74 48 3 80 49 58 70 10 51 35 6 51 6 28 85 90 58 
25
51 37 69 42 14 87 65 97 100 49 79 29 65 16 15 84 84 80 71 46 17 53 3 95 97 
22 11 99 11 66 6 85 24 88 27 89 25 34 81 7 21 48 24 45 62 8 19 67 32 63 
76
88 5 18 30 47 87 57 47 65 16 93 76 30 66 19 45 91 17 85 32 80 31 50 17 40 79 23 38 35 45 37 5 32 27 47 43 17 82 78 8 94 42 56 71 86 42 38 88 73 85 20 62 72 14 44 3 46 90 1 3 59 41 49 7 22 52 36 21 77 98 57 45 15 82 70 83 
60 42 5 71 93 37 69 17 93 67 5 22 29 31 38 59 19 97 32 60 36 78 42 99 25 77 80 60 84 42 38 92 13 3 31 84 88 84 29 53 43 33 45 8 99 66 62 70 43 9 70 50 90 77 94 39 26 16 26 34 26 58 33 2 93 64 3 58 47 92 31 97 6 19 97 67 
32
12 40 41 17 31 97 81 7 9 47 18 84 53 65 85 70 64 32 89 42 51 71 64 23 45 56 17 13 3 70 10 91 
12 3 72 95 3 53 65 17 92 42 68 8 25 7 89 83 100 31 32 7 20 61 100 48 45 39 30 9 51 76 91 86 
57
41 18 25 71 84 62 10 63 43 41 15 78 61 68 76 22 26 99 95 51 92 45 48 46 46 42 94 57 64 80 26 24 61 14 11 54 29 74 95 30 42 72 8 3 98 80 67 16 59 52 55 81 66 89 59 1 47 
39 4 30 4 95 66 40 47 20 93 47 69 19 60 78 98 35 70 93 79 64 38 67 61 7 47 5 72 6 2 81 73 10 5 6 90 47 16 88 59 67 15 9 80 12 65 64 72 98 95 69 77 4 26 18 61 42 
38
99 50 72 76 56 66 42 84 63 83 22 99 45 38 1 98 32 3 80 51 35 41 11 1 24 65 12 7 24 92 70 6 66 85 23 2 15 30 
26 51 65 62 28 28 82 40 52 95 53 21 2 53 74 99 5 13 44 58 21 47 34 43 84 86 55 9 99 25 28 14 80 53 30 37 63 4 
92
35 85 12 30 52 16 75 99 17 92 100 57 79 52 89 23 16 93 55 41 12 97 98 93 34 33 84 64 56 44 1 39 58 28 45 2 97 50 37 8 66 16 14 67 5 59 23 4 45 41 62 35 47 42 28 49 97 63 61 76 83 29 21 92 56 68 35 51 25 13 92 20 39 36 25 30 89 27 55 82 97 92 57 41 12 70 34 70 73 72 65 97 
63 54 69 63 68 1 23 100 70 54 98 67 77 34 68 29 30 42 69 23 93 61 59 37 40 85 95 48 20 5 95 82 45 97 20 30 62 19 7 51 18 21 39 39 89 69 30 78 66 67 39 50 74 19 98 5 55 77 53 30 16 71 41 42 52 93 14 26 84 23 67 57 19 92 75 91 46 74 9 87 90 97 51 95 28 10 37 11 64 3 28 93 
99
67 51 55 85 39 80 37 28 9 35 25 62 78 95 58 5 11 96 25 68 50 11 33 88 6 66 29 56 75 38 94 28 12 33 94 47 4 52 72 51 60 69 59 89 56 18 77 36 37 29 31 79 40 11 6 65 53 13 92 68 97 83 94 95 58 93 70 87 33 13 8 38 46 34 16 9 45 46 97 57 2 89 20 20 99 22 75 50 22 45 53 49 63 69 100 80 95 56 48 
43 31 12 87 61 75 12 38 23 9 84 35 57 56 100 60 33 63 36 98 82 32 20 35 52 22 80 58 75 65 77 28 18 25 75 16 88 75 58 90 97 67 34 39 28 13 94 76 37 10 24 44 7 11 42 69 5 89 16 65 47 68 16 80 51 8 4 46 67 97 93 67 50 35 53 6 97 63 39 41 63 43 74 79 60 79 31 55 95 50 75 71 36 96 34 85 10 7 68 
100
29 15 36 36 21 26 8 58 17 31 7 98 82 65 55 95 85 55 38 16 61 71 62 25 49 69 24 51 1 68 82 44 75 55 44 65 93 94 73 8 50 48 85 17 72 6 56 12 93 93 7 51 82 98 3 36 19 93 26 44 19 5 35 71 83 83 39 62 10 39 72 93 67 72 43 29 16 10 23 46 99 18 46 5 43 56 61 21 99 43 84 97 88 31 26 32 56 97 2 14 
94 35 9 99 8 33 84 86 42 87 49 1 13 17 97 83 42 67 82 2 99 85 90 87 17 72 41 50 86 34 85 73 73 90 93 88 87 89 52 47 24 73 81 76 68 47 69 100 98 71 60 10 84 73 9 96 1 31 44 44 20 68 25 66 68 99 57 98 72 2 34 43 70 7 62 87 48 16 83 86 78 88 89 56 51 72 80 97 56 76 79 16 64 25 8 80 40 65 89 26 
72
59 14 26 7 11 42 44 80 10 75 40 70 19 74 10 40 98 56 82 67 2 77 7 74 79 2 53 98 40 31 57 23 66 35 78 96 72 20 7 44 39 78 31 70 3 99 57 14 96 58 25 52 74 97 10 18 21 45 48 14 80 47 19 7 85 44 26 76 87 12 68 79 
55 96 59 86 65 34 81 26 95 34 77 77 51 59 42 85 66 68 63 91 53 69 3 77 4 97 13 16 54 83 98 92 31 91 33 3 86 26 5 10 69 30 25 55 62 97 25 5 46 49 41 83 59 80 93 58 62 98 76 22 59 12 28 54 17 17 21 28 37 40 16 99 
63
54 78 82 67 45 90 41 73 70 95 15 16 18 30 89 55 23 100 61 73 76 85 49 100 62 63 45 9 29 34 94 85 48 84 20 85 13 32 2 89 71 34 94 81 41 68 73 73 35 87 65 40 2 74 90 58 82 95 43 37 98 64 93 
1 75 9 52 61 46 49 46 27 93 17 59 92 28 83 67 24 53 77 76 21 56 81 84 23 88 34 84 94 97 2 12 19 8 33 92 91 14 59 92 48 8 45 41 34 75 81 34 90 96 14 99 44 52 91 55 10 38 15 29 33 4 5 
18
8 61 76 74 11 6 48 51 66 97 15 60 11 26 90 26 97 100 
98 100 85 31 53 16 21 86 60 96 4 84 50 43 87 46 96 71 
97
95 79 87 19 1 92 94 87 100 80 60 37 22 77 15 44 64 60 83 75 59 77 41 58 17 59 36 14 94 70 59 84 18 51 9 20 35 20 56 65 98 47 99 21 53 34 92 93 45 20 51 98 1 22 70 7 64 74 8 18 1 30 61 19 33 44 45 6 73 41 9 2 32 62 79 89 43 86 94 4 95 97 92 54 11 30 56 84 76 99 74 83 37 30 88 10 72 
68 14 55 18 92 37 43 81 8 29 88 20 29 2 13 72 35 95 34 80 92 40 81 3 54 36 89 3 28 10 66 15 22 92 78 59 59 85 79 71 59 49 95 8 81 91 30 11 96 100 71 27 93 63 30 82 62 71 22 87 20 19 59 6 31 69 26 83 33 26 13 63 51 9 33 87 48 30 38 14 71 89 37 29 48 89 41 50 20 42 64 62 7 3 83 74 28 
21
17 4 72 68 83 100 51 16 64 16 69 82 39 73 36 32 10 50 38 68 71 
19 25 89 44 58 92 34 15 50 27 98 55 52 96 97 99 25 93 79 77 3 
5
52 3 100 25 27 
89 66 37 98 21 
19
82 36 48 18 14 53 36 5 27 86 14 100 87 5 40 51 56 92 82 
76 82 16 48 29 85 79 96 49 70 55 20 67 50 69 78 66 31 72 
49
58 1 96 7 94 88 74 58 59 76 35 86 95 68 35 64 6 46 34 45 14 49 34 68 78 4 72 4 30 92 83 35 88 2 35 43 17 31 47 49 79 6 9 85 3 3 8 7 47 
77 53 65 63 65 60 78 1 93 66 12 58 32 64 23 1 77 23 86 79 16 26 8 28 12 62 47 85 69 71 42 67 75 91 32 83 36 37 79 24 37 3 98 23 28 41 46 23 77 
99
18 38 87 30 5 24 12 4 29 50 91 10 94 66 27 70 49 34 68 83 14 55 17 93 37 36 91 22 32 72 78 75 40 96 33 57 34 54 60 14 38 6 51 7 16 41 30 3 3 22 73 44 61 82 63 97 32 77 49 84 55 44 22 34 37 24 68 24 19 22 54 93 100 79 39 77 19 59 87 89 93 84 88 86 11 35 38 3 66 7 3 26 95 90 1 29 4 30 40 
6 33 4 77 25 82 25 47 62 78 2 70 40 51 76 60 67 95 41 2 16 61 34 6 93 34 16 19 42 76 74 66 68 91 39 54 80 100 89 64 10 2 10 54 30 15 98 52 34 34 16 72 93 42 27 79 25 61 28 88 41 10 90 28 12 66 55 98 79 48 25 61 67 86 95 82 30 14 92 36 7 10 23 77 42 75 100 4 7 81 26 68 46 71 46 6 23 22 55 
39
28 14 27 5 1 11 83 9 100 27 53 89 26 62 96 61 56 56 99 6 21 59 99 92 14 31 46 39 26 7 64 51 91 60 93 69 73 85 14 
59 79 68 4 58 15 61 54 81 11 78 19 15 65 34 96 75 47 35 21 33 56 13 87 51 26 76 5 26 88 24 27 32 88 6 36 38 1 36 
50
17 96 62 18 71 11 79 45 80 30 82 14 92 34 58 12 81 61 71 46 42 71 13 23 92 45 53 24 37 18 12 10 73 23 42 67 31 1 92 12 94 35 45 33 96 88 60 8 86 91 
69 97 74 10 63 35 65 6 38 9 78 94 74 10 5 46 3 53 51 30 15 32 54 6 52 1 6 60 93 91 92 64 50 69 13 6 70 47 20 89 37 73 17 35 39 46 46 84 11 91 
63
45 76 64 54 65 82 2 21 44 21 86 13 9 11 74 98 75 96 67 70 57 97 94 14 72 81 15 25 93 39 19 13 72 76 90 79 13 56 94 91 77 33 49 91 83 36 50 19 6 75 19 41 26 22 88 6 72 27 2 56 70 87 66 
11 78 6 4 83 88 91 25 44 3 48 88 64 66 12 67 65 51 100 22 98 81 24 77 15 98 51 14 93 9 96 42 15 7 58 32 4 98 83 73 39 94 10 19 23 31 42 19 16 81 56 81 70 99 54 69 1 18 70 37 62 47 33 
72
50 27 52 36 22 7 100 32 24 45 9 27 39 18 65 97 99 57 48 63 40 49 11 63 5 62 92 99 55 49 30 23 51 11 2 47 33 5 23 89 77 69 49 18 76 99 92 71 19 39 42 29 55 25 4 10 69 30 25 50 98 56 22 24 82 40 43 87 27 63 25 11 
100 9 88 31 28 78 35 93 48 48 38 11 83 54 91 90 73 55 81 37 96 74 58 94 57 47 84 27 96 41 53 30 87 68 33 27 23 94 67 42 99 57 80 35 81 64 90 65 34 80 63 83 14 37 20 29 21 68 75 13 65 40 74 29 43 63 12 12 51 27 71 39 
97
93 98 34 49 27 28 86 16 60 85 34 65 27 95 11 10 5 87 78 99 60 75 12 42 84 66 87 44 83 10 63 94 41 28 4 36 52 72 62 36 1 7 62 11 4 62 91 99 82 34 42 59 21 26 86 27 39 20 21 57 83 57 82 32 1 39 35 31 84 87 60 30 73 21 76 82 50 58 13 2 43 96 24 56 38 35 17 94 41 92 48 18 9 68 35 70 100 
13 98 66 82 74 39 69 76 43 51 67 62 75 19 71 43 66 43 92 99 70 16 94 65 35 9 82 1 10 100 82 99 1 22 15 14 73 87 47 28 14 28 52 64 18 97 5 18 50 60 83 41 37 82 97 86 93 23 73 97 78 51 1 69 52 81 52 43 8 14 21 26 65 39 13 59 24 64 46 77 92 8 91 7 35 37 85 50 27 19 49 29 17 88 85 80 54 
