100
18
49 56 72 24 69 22 44 30 72 12 78 3 18 38 74 38 49 11 
48 27 11 18 31 69 86 23 67 98 63 33 13 22 80 57 78 65 
28
90 41 88 57 77 29 60 20 87 86 40 40 53 2 66 13 1 67 45 74 92 17 51 44 17 19 24 49 
9 22 42 34 31 9 23 71 15 42 95 100 65 83 11 55 84 13 77 13 5 59 49 96 88 48 55 44 
44
37 92 28 54 69 79 84 74 69 14 38 38 71 22 59 37 7 21 37 32 66 49 46 48 80 69 89 70 20 62 41 3 66 35 48 24 24 63 16 97 19 22 33 56 
96 45 92 74 64 69 14 78 52 23 14 35 71 63 42 59 12 1 66 62 28 1 31 47 53 18 26 40 97 85 89 6 22 77 61 22 68 9 57 52 69 40 17 55 
79
26 46 8 28 87 12 60 70 93 16 82 61 74 10 60 18 94 90 48 49 22 42 49 74 52 91 36 79 23 46 22 21 51 66 91 49 41 39 93 87 39 100 87 6 10 92 74 61 74 87 60 79 38 68 66 55 80 43 87 33 76 16 34 11 12 21 48 62 39 18 61 32 100 13 26 94 92 77 99 
7 66 38 63 54 82 61 41 32 82 6 19 89 94 22 24 11 17 15 85 29 94 9 76 10 68 99 1 20 2 69 39 9 9 20 91 78 95 88 96 43 81 12 96 66 52 73 51 13 20 84 7 7 51 38 21 26 9 2 84 54 51 77 1 86 5 95 54 79 45 15 32 4 56 26 41 27 14 96 
82
47 13 13 18 57 13 68 10 42 39 68 26 72 51 31 68 68 83 46 40 67 24 93 22 70 26 98 97 72 67 76 78 36 53 37 92 80 32 30 68 56 59 83 44 86 58 91 9 55 100 46 73 34 29 27 67 21 49 7 17 43 32 56 29 94 9 56 32 48 48 25 45 99 29 33 66 50 82 60 54 1 61 
64 62 93 8 72 8 32 58 16 55 44 80 11 28 60 49 94 16 72 25 29 18 44 36 18 15 63 25 19 97 86 50 83 20 95 57 10 47 97 45 78 88 4 78 32 55 92 46 26 74 61 22 79 35 51 46 77 75 11 66 81 74 59 76 16 65 63 53 64 46 68 33 98 69 19 70 14 13 83 82 33 97 
72
8 41 96 11 71 58 37 91 36 83 77 22 80 44 18 15 51 17 15 86 73 2 64 12 85 34 48 7 39 92 35 80 73 26 55 69 79 22 69 55 36 72 27 16 14 4 46 91 64 56 4 94 64 86 97 74 56 67 50 93 94 21 65 81 82 83 45 51 68 5 3 26 
52 24 33 56 89 81 85 97 34 43 93 4 36 13 21 69 61 93 49 75 54 8 82 31 41 6 63 55 17 72 88 46 79 50 64 50 48 32 6 50 51 44 18 50 35 64 44 1 77 61 3 42 72 41 92 72 8 26 16 65 43 27 32 30 38 52 20 75 11 99 10 88 
7
84 13 22 52 63 21 6 
73 50 45 51 2 80 77 
11
96 43 97 50 1 98 24 76 69 65 66 
60 78 98 21 38 36 2 37 19 2 90 
43
55 88 17 17 49 12 1 10 11 42 69 38 36 28 27 33 3 61 94 46 78 43 23 92 40 39 38 78 62 76 27 63 49 34 72 92 76 64 98 92 34 66 76 
86 67 77 98 26 56 37 11 95 21 50 6 72 29 59 66 26 16 82 82 79 59 17 16 54 100 91 55 88 69 2 11 36 45 88 88 51 26 15 46 46 22 75 
95
31 20 82 83 45 49 20 9 46 100 18 9 43 58 69 38 5 42 98 49 46 27 32 82 33 36 46 95 49 83 31 61 17 33 62 25 5 69 96 99 59 18 32 43 27 85 13 22 24 58 63 63 65 54 36 89 72 31 11 33 94 83 53 87 39 91 94 70 36 35 99 96 51 38 30 11 80 6 60 14 36 96 81 54 67 83 38 25 78 54 34 75 66 100 88 
50 82 36 26 70 38 8 12 70 18 94 71 40 20 56 17 32 59 52 33 12 60 31 19 86 3 84 64 35 80 2 76 32 76 36 83 43 7 22 69 49 93 13 68 15 94 11 57 56 29 69 46 16 81 95 69 3 86 11 98 42 40 26 49 38 26 1 50 6 46 19 44 50 92 50 30 66 22 8 20 15 77 81 6 79 98 100 70 92 32 40 1 24 46 88 
46
93 70 40 68 56 61 75 79 79 33 89 88 70 7 2 66 67 79 96 39 7 35 28 69 50 49 100 5 53 49 83 87 52 75 95 52 55 58 47 43 47 20 40 38 40 73 
52 25 66 56 50 89 97 5 84 8 34 5 66 39 51 98 74 38 82 5 95 12 15 58 32 61 54 16 9 57 67 2 29 76 31 56 40 2 3 83 16 55 44 38 27 16 
32
81 38 56 25 30 82 5 91 12 37 47 87 7 87 47 72 14 16 25 81 93 88 86 97 89 77 10 50 98 52 20 42 
39 28 3 13 100 11 29 16 6 16 80 90 36 1 24 85 53 70 33 23 71 32 28 74 83 47 34 95 66 90 71 71 
75
36 81 43 98 57 87 19 43 73 6 14 41 37 20 5 7 90 10 59 94 20 85 25 23 39 28 29 97 48 33 94 67 88 36 86 9 19 59 56 62 96 27 24 98 67 3 17 59 82 69 61 42 48 15 16 97 98 20 20 12 37 49 87 82 57 56 33 79 58 43 73 22 96 62 52 
58 96 50 62 35 45 60 27 74 79 57 61 29 47 97 99 13 58 30 47 13 81 90 30 58 40 6 42 78 32 23 70 92 40 57 3 55 48 36 13 84 38 48 44 82 59 97 35 10 100 58 86 18 99 25 17 1 46 88 53 50 26 40 41 19 25 1 25 73 62 62 69 5 24 24 
67
18 35 39 61 32 69 15 35 41 66 63 50 41 84 55 69 17 3 25 63 59 41 30 85 90 98 58 83 89 32 60 77 76 41 60 11 15 81 60 17 94 16 35 26 87 40 77 86 70 32 50 30 9 80 17 83 99 69 27 33 10 62 55 72 85 45 93 
53 23 49 89 23 11 52 92 78 88 83 53 35 40 62 12 29 96 92 62 4 8 100 92 97 13 95 86 55 21 10 90 11 70 51 14 33 78 5 5 94 63 92 14 12 52 78 51 93 15 82 7 78 5 69 70 2 98 20 80 29 17 66 42 26 5 18 
15
81 35 8 85 42 42 92 8 84 65 7 41 4 64 2 
59 30 28 100 90 76 69 65 32 23 27 39 76 88 25 
55
70 68 24 2 84 75 10 63 26 48 10 1 95 96 37 13 74 12 71 7 100 27 74 31 83 23 14 82 85 90 49 78 69 23 88 8 58 39 1 37 59 93 57 63 53 50 64 68 17 9 51 74 64 42 85 
63 93 8 61 91 33 72 61 11 91 66 2 27 63 81 44 100 64 97 12 37 32 48 11 93 46 50 63 6 34 45 72 27 4 67 90 1 48 48 83 71 28 26 63 42 45 97 73 14 92 82 7 84 68 7 
16
91 97 94 89 10 54 32 73 11 26 9 29 11 2 15 24 
11 12 56 78 43 8 61 13 79 12 88 47 35 4 67 63 
61
45 86 95 18 13 85 45 37 62 9 59 39 18 72 66 71 25 30 38 77 81 62 78 40 84 58 34 27 89 38 99 72 81 99 64 96 55 59 13 96 94 49 87 38 49 14 63 65 39 19 37 9 21 16 61 63 73 18 16 37 77 
35 40 13 73 78 56 18 30 84 3 34 62 32 52 19 23 85 46 85 73 24 63 47 83 37 39 93 11 3 19 74 86 25 41 93 40 70 1 46 69 98 53 49 26 97 55 38 37 56 34 19 53 34 51 98 27 40 78 76 26 60 
31
82 87 20 2 4 67 65 17 29 95 74 51 73 50 44 83 64 69 83 11 90 97 23 6 71 74 99 60 81 65 11 
35 62 28 85 67 77 75 25 17 19 43 37 43 17 16 27 44 31 12 83 96 87 37 94 43 45 29 26 31 40 18 
54
8 7 6 97 31 54 47 76 94 40 6 27 23 97 65 99 76 81 69 61 78 20 99 89 63 85 79 1 40 82 25 5 26 87 57 59 69 44 78 49 41 75 78 32 29 55 1 57 75 60 87 3 42 56 
75 76 3 56 68 95 17 58 44 29 81 3 35 91 37 51 57 97 92 92 12 14 15 6 40 27 77 23 77 60 18 68 45 5 6 74 37 77 52 51 36 92 72 55 21 13 39 15 88 58 84 28 52 28 
9
99 94 91 84 14 91 70 34 43 
2 74 93 5 59 24 78 90 5 
90
65 69 73 67 40 31 25 18 67 21 63 68 54 64 51 69 53 29 6 67 13 47 93 99 9 84 26 28 64 49 50 77 51 16 59 34 83 89 77 22 46 11 98 13 62 22 35 64 73 10 35 10 93 72 79 52 54 89 54 94 65 6 73 74 65 38 13 98 76 71 92 24 97 80 42 38 55 39 80 85 53 59 61 83 44 63 15 8 27 100 
48 35 36 35 79 93 98 88 98 67 34 14 82 80 15 6 26 35 16 98 42 73 10 18 14 98 37 74 57 96 91 95 16 72 22 60 94 22 91 86 70 42 77 53 79 12 35 63 37 24 61 88 27 73 6 99 81 44 72 39 65 14 94 99 32 28 75 93 63 37 2 83 73 1 41 51 73 1 70 75 37 79 67 37 97 33 100 42 56 7 
31
80 71 74 63 52 82 100 29 100 24 53 36 56 67 27 52 42 35 90 17 50 38 9 16 98 56 77 96 90 81 18 
39 43 34 20 74 42 92 79 30 47 24 22 32 47 76 51 11 40 73 28 14 73 2 70 92 77 93 76 6 83 56 
13
75 48 8 69 60 2 47 14 69 57 100 56 51 
84 17 39 11 21 11 52 27 77 39 79 67 87 
23
38 39 58 45 96 74 32 14 53 83 96 31 5 93 3 54 99 85 12 89 20 57 96 
65 61 58 99 90 87 68 57 62 41 93 5 44 85 4 34 98 47 29 5 26 34 87 
72
19 4 23 71 90 30 30 48 39 19 47 72 63 51 40 92 9 91 72 82 56 70 76 69 63 99 40 75 35 96 57 74 47 78 25 2 43 19 93 1 46 84 29 2 93 100 61 53 27 73 49 21 99 38 66 64 75 8 24 85 84 93 78 61 36 61 46 65 20 32 23 69 
88 56 80 10 60 91 47 58 45 90 48 40 13 9 67 49 57 60 49 32 54 69 49 64 59 24 13 85 88 38 79 42 42 44 99 30 22 34 23 70 60 59 79 58 1 39 18 55 65 21 90 29 75 90 20 81 95 46 74 24 79 41 25 63 26 97 87 48 41 77 10 55 
56
64 88 75 67 10 81 5 55 60 62 90 72 2 62 54 70 96 63 34 65 44 53 8 33 21 80 5 18 73 29 81 10 61 44 39 3 65 92 7 82 92 72 88 21 71 95 94 39 41 100 77 30 48 78 32 62 
14 79 77 59 73 87 13 93 42 93 49 73 67 51 64 81 40 12 39 22 9 80 29 36 2 33 26 22 26 45 71 30 26 57 8 71 41 60 22 95 98 56 45 49 76 38 49 71 36 42 15 60 14 41 100 56 
12
13 73 91 11 57 94 29 87 79 55 65 11 
59 8 1 36 44 83 26 85 78 80 26 36 
50
53 43 86 97 31 69 83 58 21 100 18 89 44 21 1 6 56 5 31 34 24 22 29 15 48 23 96 74 40 100 46 85 58 49 37 49 96 38 16 56 42 38 65 4 15 34 57 50 94 99 
4 25 95 34 29 78 10 34 88 20 38 1 70 52 48 21 21 18 56 25 86 90 42 74 21 40 42 54 19 26 45 70 74 40 41 59 82 31 82 71 50 27 89 79 66 45 51 44 13 51 
41
29 17 51 63 64 4 71 44 28 46 94 49 21 68 41 92 92 26 92 29 65 87 62 17 67 35 42 95 67 96 95 58 69 35 70 99 68 100 67 44 32 
26 82 43 30 60 78 27 4 59 21 64 99 18 30 36 51 28 38 85 94 87 83 29 25 51 56 74 76 73 74 100 52 9 38 89 85 89 19 33 43 15 
8
14 14 48 37 45 19 23 91 
25 49 22 3 31 57 100 15 
62
32 86 79 83 21 55 4 18 53 60 96 72 23 26 67 47 53 86 70 25 91 91 57 86 95 93 97 71 81 7 96 52 60 60 20 35 25 9 56 100 89 61 71 56 63 71 69 18 66 96 33 37 100 75 40 60 26 85 19 13 4 92 
92 31 5 18 27 11 33 99 89 77 35 62 71 43 96 52 71 65 71 17 87 19 35 81 52 68 79 77 30 22 94 5 56 7 1 49 89 50 4 83 69 68 86 33 54 47 21 81 40 70 93 86 9 69 29 48 90 34 8 24 55 18 
58
72 51 94 49 8 50 47 92 92 11 16 65 25 67 78 11 14 100 47 22 61 26 26 96 79 23 61 25 85 86 23 10 8 85 17 55 8 55 15 63 64 23 17 4 5 14 10 35 60 68 16 27 21 55 63 97 96 25 
60 64 97 100 63 51 49 59 71 98 21 5 56 49 81 58 65 24 53 53 31 24 100 13 54 55 60 99 4 71 18 65 97 78 45 69 48 43 97 62 37 1 75 28 9 100 49 58 53 88 41 27 48 20 82 68 39 26 
81
60 22 64 47 83 38 94 54 48 83 40 24 78 57 54 10 5 15 30 85 25 60 91 20 99 8 70 60 17 46 16 19 96 51 81 72 42 92 1 42 80 19 75 67 84 45 23 47 91 67 35 47 94 79 19 4 84 92 96 80 43 59 64 73 65 18 96 70 17 30 18 37 29 46 86 71 56 12 45 66 24 
25 76 88 46 4 20 99 47 26 53 51 81 87 46 91 82 81 24 10 7 63 44 54 60 29 80 49 55 63 45 66 58 62 25 22 55 20 96 51 85 80 20 95 25 35 59 99 75 31 95 51 37 53 74 24 10 68 24 30 95 90 22 64 19 94 94 41 2 95 95 94 89 29 31 67 33 65 69 68 57 100 
71
15 50 79 87 67 10 10 80 53 47 85 3 3 44 52 25 80 95 38 81 83 9 14 78 45 8 44 56 53 56 89 46 41 15 80 64 30 74 6 83 34 98 11 75 31 23 11 81 81 9 42 38 93 45 75 56 57 43 47 27 62 16 49 61 100 5 81 64 31 80 99 
12 33 50 77 75 60 55 56 32 81 65 13 57 18 76 27 33 77 98 77 53 75 18 27 36 72 12 54 41 33 83 84 43 85 90 40 79 91 55 7 53 60 71 69 20 51 51 35 15 50 29 98 65 38 42 46 45 88 39 76 81 15 34 29 7 62 63 40 70 26 85 
7
89 75 63 72 84 99 66 
60 16 99 68 74 41 34 
13
22 16 37 31 43 73 31 45 42 61 56 8 82 
35 70 1 68 37 71 32 80 87 2 15 78 33 
26
50 16 7 61 92 51 23 37 53 37 18 20 45 52 81 45 70 57 46 33 27 15 76 35 73 64 
69 79 32 1 45 15 15 98 78 77 35 24 5 56 77 88 58 48 3 66 45 55 89 94 2 14 
66
14 30 7 63 41 84 76 20 71 19 29 14 35 92 3 80 43 53 42 68 100 18 67 77 97 86 36 59 92 11 46 77 57 12 52 62 54 4 65 37 44 75 2 88 98 54 36 85 57 76 63 20 24 41 16 25 2 4 8 53 6 69 69 54 19 92 
28 62 63 65 40 85 21 19 66 25 51 3 15 70 24 52 100 59 32 4 15 92 93 2 56 17 17 16 43 23 44 100 59 63 86 41 28 44 94 9 52 54 40 9 86 60 41 71 84 62 88 12 47 9 100 94 51 65 66 13 50 31 36 99 94 89 
52
74 67 73 52 39 88 93 34 83 35 93 41 91 18 39 71 80 24 48 29 62 73 39 28 72 4 77 25 21 36 89 32 93 98 31 79 35 12 41 82 55 64 99 5 68 78 26 5 58 27 25 72 
92 37 29 49 77 19 83 92 12 63 85 74 5 2 42 70 95 46 82 92 86 26 6 52 36 49 92 47 53 74 86 60 68 75 93 65 76 5 11 58 55 65 85 72 17 25 20 83 28 45 55 12 
72
5 72 100 11 24 97 86 51 79 2 70 67 97 28 71 23 83 100 46 59 46 12 53 26 61 49 92 80 67 56 86 42 53 2 23 8 94 78 73 99 39 33 100 66 39 9 82 47 25 14 54 20 21 1 80 66 8 28 16 3 64 97 22 86 91 56 49 84 49 13 70 36 
29 35 75 65 9 87 84 61 80 85 21 77 80 33 92 84 53 17 13 34 34 48 12 93 45 84 81 92 22 12 92 40 24 59 62 56 40 1 52 72 31 3 9 24 81 66 18 23 62 56 82 20 83 24 6 91 47 28 37 29 13 45 8 63 24 31 40 23 52 3 69 54 
99
19 43 72 51 15 14 99 86 34 52 100 53 82 4 42 16 19 67 78 20 99 28 17 18 15 46 55 7 22 57 98 61 3 13 36 74 19 68 32 78 69 69 73 28 28 30 7 1 83 35 24 86 51 7 86 21 3 25 100 99 48 87 83 15 4 67 63 37 5 69 24 55 63 48 22 8 7 73 52 39 64 74 80 5 66 24 59 71 27 8 98 30 5 36 50 16 93 91 59 
11 44 61 68 74 46 6 58 19 32 17 84 51 32 11 48 55 80 26 33 47 69 45 66 50 76 91 66 21 52 62 57 36 95 57 48 97 70 46 23 15 23 84 57 13 37 1 2 30 49 48 72 40 43 44 12 36 83 75 60 10 47 45 12 43 68 52 63 53 97 69 50 89 9 72 80 32 12 83 51 56 66 49 81 14 18 67 86 73 90 1 23 61 36 96 68 62 27 83 
80
6 73 9 11 73 9 70 75 97 26 28 18 90 28 20 40 57 82 98 49 62 34 95 49 63 52 20 12 17 45 2 50 23 38 14 69 35 10 9 99 25 30 8 28 24 36 67 3 71 90 78 9 99 75 91 67 97 79 44 95 54 50 58 86 3 87 93 47 59 2 44 7 96 66 73 8 46 44 100 43 
94 65 42 91 50 57 6 65 75 80 69 86 81 87 42 67 90 39 61 85 72 61 78 41 25 57 41 61 21 97 13 51 75 61 74 47 37 16 89 58 24 59 62 90 95 12 38 70 45 3 18 38 43 43 78 96 7 100 69 90 26 56 92 3 88 22 94 83 1 66 61 82 85 9 25 24 43 59 55 47 
41
30 77 87 59 76 88 10 57 1 62 14 80 19 65 56 36 7 80 79 78 53 97 15 48 25 35 9 72 36 57 29 48 44 28 23 51 84 19 17 77 70 
33 49 79 32 89 7 23 25 88 69 9 52 35 20 41 72 15 4 5 14 65 64 76 75 76 75 56 55 95 67 75 72 99 32 76 67 56 81 78 17 57 
78
18 18 86 28 85 83 91 94 97 89 3 19 67 68 26 45 18 56 58 46 17 46 29 10 59 36 27 22 65 19 60 57 29 98 14 31 84 55 92 51 76 73 51 12 97 95 18 59 13 43 49 31 72 52 96 26 65 50 99 80 9 96 10 52 3 31 89 4 65 43 57 77 46 86 28 29 13 47 
63 21 46 74 20 86 24 77 73 71 1 1 60 51 70 8 5 60 21 71 66 80 19 58 50 44 12 57 44 18 43 38 67 27 55 27 76 36 53 12 34 88 10 71 20 74 91 96 63 21 17 40 17 84 82 20 90 65 5 98 63 22 95 44 100 3 99 60 29 65 28 24 50 44 42 23 99 83 
56
28 94 95 4 87 91 26 73 88 66 72 82 52 69 15 26 67 49 88 31 44 52 49 26 80 55 29 32 83 91 93 82 21 84 25 53 67 95 4 48 27 62 90 79 77 45 5 99 68 23 31 98 18 20 4 28 
92 34 63 98 19 95 98 61 89 46 30 66 86 83 6 100 8 32 14 50 26 63 99 49 69 3 88 49 49 65 81 25 86 80 93 72 20 3 31 28 12 17 39 8 4 6 78 86 89 58 63 36 78 49 94 96 
31
56 23 70 80 34 12 2 34 4 66 49 70 31 21 64 85 94 59 49 87 92 69 68 13 87 45 34 36 17 85 49 
28 82 21 84 79 59 58 54 82 45 33 15 97 3 40 76 57 84 64 45 17 44 78 70 9 84 72 43 19 73 39 
97
28 27 2 14 99 88 63 66 34 58 13 22 5 65 49 2 8 96 23 83 80 71 13 8 100 57 55 55 90 27 25 13 74 81 90 35 16 72 66 38 78 24 66 5 23 40 39 97 57 68 17 31 26 47 24 19 36 34 25 92 73 99 53 90 55 85 83 34 90 39 39 22 66 96 38 2 46 86 92 99 4 63 87 62 60 38 77 98 62 88 11 57 16 19 61 68 39 
4 100 97 3 25 68 87 87 72 90 97 65 95 19 9 8 81 45 28 71 13 26 92 54 10 71 38 70 89 78 74 83 38 75 30 23 32 70 92 7 5 87 71 67 68 43 4 12 99 3 81 95 57 99 46 63 83 66 43 52 84 43 7 12 100 66 30 57 86 60 88 83 40 26 87 15 100 94 39 96 22 14 15 8 51 13 56 44 46 33 97 15 58 14 85 76 12 
40
64 60 55 75 67 25 97 79 15 64 27 40 5 43 63 62 67 23 62 18 94 93 10 61 62 26 15 9 21 77 83 72 36 96 37 33 8 2 29 42 
53 44 98 43 49 70 91 4 81 71 35 31 72 80 1 16 94 42 98 84 10 35 28 39 97 39 8 27 55 28 28 36 20 3 66 7 98 56 82 26 
71
84 15 69 68 1 20 62 58 91 3 48 47 31 33 44 63 43 5 99 55 83 77 86 49 50 33 2 50 47 25 38 53 71 44 60 78 90 63 45 41 58 21 12 58 43 12 90 64 55 58 20 59 75 53 63 62 28 92 93 40 16 69 78 25 54 78 4 8 90 61 4 
99 53 29 6 33 12 5 74 14 5 58 23 9 57 29 36 18 74 76 43 29 36 10 22 89 93 83 80 88 7 14 27 28 18 2 41 62 82 9 85 72 11 1 87 17 92 36 80 11 11 31 60 66 14 79 97 5 35 84 83 49 54 76 8 38 19 72 51 77 40 76 
40
36 95 75 7 85 78 80 89 13 81 46 93 74 84 34 71 88 18 72 94 64 32 99 89 59 34 49 45 87 99 38 74 37 31 84 30 25 2 62 5 
5 11 2 58 96 9 33 90 87 21 40 90 16 84 30 3 33 27 21 55 5 84 5 76 51 8 71 14 72 97 86 95 62 29 14 53 20 34 35 54 
62
49 77 39 37 83 36 4 55 41 64 35 100 11 58 29 12 71 28 80 50 23 14 90 95 60 71 33 50 97 34 87 28 18 28 82 62 53 29 24 91 43 22 28 73 26 73 78 40 69 44 66 3 34 43 93 98 31 47 12 61 92 36 
87 49 67 99 24 31 91 7 73 43 81 22 97 78 16 55 41 22 70 37 38 35 21 41 69 82 55 77 90 37 56 15 82 72 38 96 90 31 55 62 34 43 42 15 77 33 75 70 61 67 71 36 15 46 100 86 64 64 88 58 67 59 
88
4 99 48 80 85 16 37 41 70 32 47 67 97 21 6 86 55 37 24 4 69 76 52 80 98 89 51 13 47 4 27 16 63 47 43 75 25 33 97 29 35 48 35 42 74 22 14 45 96 38 49 38 27 34 48 10 90 44 14 32 98 61 41 40 52 22 56 87 93 33 39 3 2 62 94 32 31 88 98 80 8 7 24 87 100 86 58 42 
2 99 79 55 61 18 32 23 27 94 47 96 84 9 39 35 95 50 75 41 22 9 9 13 77 84 13 60 42 51 13 97 14 75 30 28 3 79 22 21 27 56 2 56 77 70 54 49 98 20 8 88 62 81 52 62 85 31 57 63 42 11 14 49 66 33 25 82 12 99 13 46 9 50 62 31 57 70 68 22 40 96 66 57 82 67 64 77 
63
32 85 4 77 95 39 85 7 16 76 86 90 26 14 87 33 35 83 24 47 24 45 24 82 63 85 48 33 15 84 83 52 100 55 58 41 50 93 4 70 63 51 85 17 20 100 36 12 80 16 75 53 96 63 35 34 30 14 55 29 58 90 43 
77 61 34 74 98 66 42 41 87 25 86 43 86 69 36 18 61 94 27 30 41 66 97 18 26 11 52 43 31 86 48 35 73 82 21 44 38 20 17 60 80 63 53 53 17 83 96 49 82 52 94 31 83 18 15 92 42 60 57 64 79 57 76 
75
11 15 36 42 22 50 69 88 13 31 3 33 39 51 78 77 80 48 96 44 15 32 65 10 95 9 32 13 68 80 77 30 11 30 97 39 56 29 31 69 58 17 98 30 17 19 25 79 19 18 19 38 65 44 52 12 4 61 6 26 64 93 57 95 64 100 89 61 75 86 53 38 69 21 60 
93 45 69 98 96 44 40 8 93 63 12 91 30 6 30 31 39 97 88 25 90 61 18 48 27 52 92 75 70 77 15 87 45 92 5 34 81 52 97 11 88 90 64 29 12 69 78 2 82 34 21 69 74 19 38 79 41 61 77 83 46 82 40 9 7 58 81 24 17 24 66 22 50 56 22 
15
19 15 55 13 47 66 46 26 78 59 62 64 3 46 54 
79 32 6 50 66 34 66 38 16 48 5 63 81 62 89 
25
26 45 11 91 18 87 73 91 28 21 80 85 77 30 34 19 85 61 100 67 57 45 76 7 73 
12 3 71 2 64 75 27 53 89 79 27 68 49 83 68 82 31 14 10 44 78 39 92 100 36 
65
16 98 91 27 78 88 14 81 52 42 14 22 24 31 70 37 55 12 85 26 90 69 17 73 20 44 47 18 97 56 56 54 38 52 71 17 77 44 34 77 57 86 39 25 51 38 93 77 2 13 88 70 67 37 58 21 84 58 93 54 16 67 70 78 9 
23 14 9 30 37 78 30 87 77 76 40 53 22 49 79 79 18 56 13 53 84 100 86 29 93 36 57 1 55 14 86 64 95 73 90 80 92 41 18 34 85 55 65 49 10 96 59 14 7 48 30 12 53 44 11 15 99 26 33 34 99 53 94 20 35 
52
85 24 60 24 47 80 38 40 79 71 9 31 22 96 31 70 93 1 16 14 82 10 16 85 62 36 16 58 86 81 47 68 52 80 2 81 22 20 65 10 53 83 18 72 85 74 77 85 7 46 92 1 
34 23 93 92 88 59 33 99 76 86 8 64 32 31 45 37 18 52 67 91 18 30 70 55 79 58 50 81 69 21 23 78 78 39 76 25 13 68 37 92 8 64 52 39 21 97 43 57 49 46 69 64 
22
43 95 7 77 32 95 74 9 99 22 66 81 65 29 96 24 72 54 70 64 6 74 
65 88 61 39 9 23 30 26 28 36 67 55 9 86 43 64 31 79 69 33 20 46 
47
1 51 16 24 69 59 58 7 73 54 76 37 30 76 38 15 21 43 26 1 31 63 51 59 68 38 54 69 42 3 99 15 37 98 77 39 17 29 25 45 24 48 91 34 83 45 81 
54 11 91 44 95 66 84 33 62 28 12 62 85 82 76 52 1 51 9 62 98 22 2 3 83 35 69 33 64 25 92 40 65 64 94 73 63 92 80 85 99 56 59 93 16 40 36 
11
38 6 77 92 85 63 83 90 82 44 51 
14 54 78 60 48 37 12 51 22 47 83 
5
8 8 95 76 56 
65 71 22 92 83 
97
99 89 7 62 13 26 77 80 73 20 60 59 30 64 4 14 90 68 59 96 75 38 17 64 6 1 2 82 69 43 81 59 84 62 79 12 59 9 28 29 64 29 53 78 99 47 19 45 14 25 71 26 81 20 25 1 47 46 75 23 62 31 47 75 91 85 72 94 71 82 5 9 68 34 31 51 56 2 10 49 62 50 37 15 55 13 22 3 62 15 45 35 57 39 77 98 68 
92 56 14 96 9 45 10 30 53 35 24 87 12 83 51 35 43 56 64 43 70 17 76 69 1 58 8 74 98 10 41 76 28 43 95 43 88 79 39 2 28 39 54 6 57 77 72 70 89 29 32 80 18 100 7 58 27 69 14 35 24 24 63 63 85 90 69 62 20 53 58 75 28 81 33 79 76 49 43 85 67 11 83 51 55 97 26 66 25 55 48 5 46 62 4 83 65 
95
40 21 69 67 36 83 41 29 97 33 100 56 17 94 79 47 46 36 24 25 86 39 60 9 84 4 44 67 76 72 75 37 40 30 29 94 12 54 34 41 88 16 19 61 56 20 55 65 30 24 50 28 83 66 28 84 26 41 48 51 11 47 59 94 79 24 29 66 26 28 62 46 2 80 52 29 97 90 19 99 70 45 69 34 19 8 70 88 53 38 70 50 6 78 45 
8 92 52 97 93 3 48 62 100 8 60 81 48 69 30 90 96 88 73 85 59 96 53 26 48 77 11 81 84 60 12 17 28 47 98 97 41 68 19 56 79 95 53 30 12 81 94 72 19 38 31 96 87 33 72 36 47 62 57 37 38 80 84 62 99 12 15 42 96 32 57 59 49 54 88 20 58 90 84 44 29 15 69 70 29 80 61 92 45 34 25 32 94 24 78 
17
69 61 60 84 3 56 69 52 12 36 43 93 3 20 67 40 86 
30 96 39 93 56 60 4 45 51 93 46 62 50 93 4 51 92 
6
47 54 18 45 28 46 
20 28 72 19 65 49 
80
18 18 81 28 95 84 2 75 58 84 10 98 90 70 45 73 58 3 92 58 9 93 13 9 39 7 95 64 79 4 72 96 4 80 27 94 95 28 86 6 28 31 42 98 98 25 57 87 24 17 71 49 40 92 83 27 29 63 96 44 74 50 41 51 89 9 93 97 46 8 13 14 35 69 53 84 21 88 15 89 
35 64 78 33 11 13 93 25 68 82 75 62 40 25 82 78 26 52 79 56 46 43 16 44 81 44 36 100 50 84 36 14 53 51 43 31 87 83 87 62 83 94 91 66 24 91 23 4 79 91 23 90 72 53 95 37 38 76 35 49 53 33 32 51 19 96 48 51 55 66 63 36 49 28 68 66 9 78 22 94 
41
23 13 54 64 88 58 11 76 76 43 59 9 84 17 25 22 98 44 73 80 51 48 6 38 46 82 12 32 72 82 85 34 22 90 35 92 52 91 65 28 85 
44 47 92 78 15 14 68 29 75 97 79 33 75 26 77 91 86 50 15 34 37 48 21 96 88 74 26 82 96 28 46 98 37 39 33 21 4 21 83 93 24 
72
1 40 38 67 90 93 55 77 28 99 79 34 45 74 72 30 87 10 65 94 92 75 73 93 34 25 14 53 72 28 72 9 54 98 24 20 89 97 2 64 96 56 68 23 79 22 21 49 42 51 38 18 94 7 64 77 26 90 57 62 51 76 34 73 36 72 62 72 31 46 67 29 
85 64 38 7 19 35 89 32 64 70 60 45 27 51 5 78 61 9 67 86 26 83 5 20 50 33 45 96 36 86 31 42 67 65 58 94 47 93 51 96 74 87 68 26 60 77 19 100 77 44 8 73 84 20 38 97 6 12 43 40 36 50 57 12 89 51 57 88 68 87 77 10 
28
20 94 75 33 35 12 13 74 1 91 51 90 84 11 51 45 75 37 69 28 92 66 51 26 39 75 78 67 
64 50 58 48 19 39 36 3 70 88 28 56 32 58 35 94 79 63 62 12 42 75 14 66 5 86 15 59 
32
82 19 46 34 86 64 90 16 79 45 70 77 100 77 58 62 11 43 34 80 48 15 61 21 71 29 14 30 83 99 52 89 
52 72 44 77 84 60 50 70 51 72 14 45 96 32 85 13 96 44 99 43 29 72 15 55 54 18 3 75 18 8 80 11 
7
73 94 19 69 36 64 28 
31 21 69 98 97 21 74 
86
23 4 26 5 38 2 66 45 26 87 17 10 77 15 75 22 22 46 58 3 29 38 93 9 2 42 54 3 55 82 91 58 31 34 65 60 42 34 85 59 57 50 100 87 28 49 12 7 39 18 74 93 47 12 72 62 48 14 35 83 89 13 8 52 33 80 40 33 35 34 63 67 21 10 97 51 20 2 63 80 64 54 24 19 39 22 
70 76 46 88 11 8 24 86 46 64 70 11 31 65 89 41 31 17 89 46 60 66 90 48 26 94 52 38 24 15 25 71 61 93 31 65 46 2 38 21 46 71 74 41 58 100 21 26 55 90 79 58 100 73 58 100 66 63 58 77 91 96 38 86 43 5 2 1 36 6 79 17 31 81 42 53 63 52 38 44 33 81 93 50 81 7 
48
49 65 91 87 2 46 43 94 31 29 21 69 10 88 56 42 83 61 26 47 71 82 15 7 83 29 80 75 54 66 25 38 25 56 88 66 98 37 10 97 95 93 65 6 17 3 3 83 
46 3 18 92 18 68 30 65 65 64 73 76 7 33 8 31 36 74 17 26 35 79 26 26 28 1 96 58 71 75 76 24 70 60 6 65 73 17 66 22 39 53 18 92 49 69 99 57 
41
28 38 8 87 40 90 14 43 62 59 83 62 7 22 94 45 49 54 72 67 47 85 39 33 74 56 36 15 25 46 8 24 33 43 25 91 22 93 95 85 92 
50 19 10 11 16 11 67 2 9 28 37 15 72 81 1 45 41 54 85 29 52 13 5 66 82 57 58 25 37 75 15 35 48 41 26 48 59 75 18 79 91 
67
49 95 18 74 50 40 35 62 24 49 18 38 31 30 35 63 34 79 10 86 45 93 55 19 84 42 13 42 79 70 62 57 7 66 41 67 16 8 39 68 100 61 26 42 48 17 66 17 68 80 31 27 37 34 5 89 72 19 38 46 34 30 35 71 99 11 43 
67 95 6 67 24 82 43 32 38 58 86 61 35 89 47 39 77 35 40 66 10 25 3 97 94 3 100 56 19 9 96 18 54 52 93 65 94 60 74 74 98 99 99 27 86 3 92 29 91 89 97 67 49 4 93 8 17 39 38 100 53 65 68 30 92 28 49 
53
84 69 90 18 20 53 88 67 33 18 63 76 17 13 95 40 79 95 79 90 44 81 4 24 47 12 61 35 64 86 40 79 33 63 29 57 54 54 67 47 100 36 62 70 29 16 9 40 95 5 39 78 29 
57 14 47 30 23 43 62 4 20 4 76 58 72 53 79 12 1 18 46 52 86 11 18 74 89 12 16 29 50 17 77 89 27 99 75 73 43 64 21 18 71 20 44 46 9 86 55 25 84 53 33 18 60 
5
13 55 37 74 29 
65 2 22 25 31 
14
36 73 38 25 66 14 79 63 15 34 61 54 40 95 
64 89 61 22 96 47 79 37 89 76 47 73 8 45 
60
39 53 9 32 91 67 82 88 19 80 28 4 55 67 27 85 68 76 49 14 27 87 87 60 97 18 21 12 85 11 63 82 26 100 19 24 14 90 42 87 93 43 61 55 68 30 78 62 82 51 58 44 64 70 12 62 29 91 71 48 
75 59 59 71 81 18 70 46 93 89 30 51 98 30 53 34 63 53 64 87 41 73 24 52 56 13 89 95 64 33 83 46 50 76 36 84 51 65 10 83 18 60 3 30 20 74 52 11 55 74 48 1 99 59 28 47 23 38 8 8 
70
33 23 86 97 82 4 64 64 99 29 44 17 94 95 78 50 91 67 90 27 20 35 60 5 45 35 86 39 96 79 33 86 29 20 98 26 80 84 2 75 40 40 8 23 10 67 70 91 56 59 30 14 42 29 48 32 41 61 74 19 83 98 79 75 30 13 9 16 66 14 
1 92 12 19 98 25 61 35 92 63 29 44 97 64 4 60 51 17 71 71 75 37 42 24 80 60 10 49 41 61 4 5 14 73 42 90 50 96 13 60 21 59 76 77 33 7 77 15 89 41 26 79 29 30 31 55 57 15 20 11 50 66 57 36 83 72 54 92 79 12 
66
18 30 100 83 80 36 19 29 93 72 24 68 91 29 42 91 17 75 98 26 86 92 90 69 55 69 66 84 21 93 14 21 26 87 59 78 37 71 93 41 27 35 6 25 4 63 100 64 37 47 50 97 69 55 61 96 47 86 71 50 28 14 20 33 52 63 
95 95 67 36 91 31 81 69 8 94 8 47 69 95 75 48 46 21 80 61 7 13 47 3 18 96 31 32 95 20 84 99 91 67 61 38 61 25 95 17 16 69 20 39 45 98 74 49 40 96 1 16 100 4 12 68 90 69 58 50 5 56 57 7 39 21 
19
36 4 20 49 91 6 1 61 9 42 79 21 2 40 12 26 56 60 64 
40 42 74 17 71 43 97 96 36 92 28 3 89 39 68 27 97 33 62 
58
36 16 71 83 46 37 88 86 52 20 77 24 16 63 66 46 35 57 70 11 96 100 42 24 48 16 40 83 72 52 31 30 98 62 15 99 99 23 85 56 75 31 50 13 6 58 1 98 36 74 88 5 53 36 42 44 84 30 
88 22 46 80 58 24 67 12 74 13 16 17 90 40 33 84 47 22 3 79 59 7 25 69 72 70 87 59 46 53 17 96 92 90 68 26 98 49 48 72 51 85 17 23 83 52 83 51 86 67 72 9 58 92 3 19 13 30 
92
87 52 16 13 48 1 19 4 8 9 92 98 6 38 47 52 3 34 32 100 33 67 50 68 81 91 23 36 24 42 64 37 73 63 65 43 28 14 70 42 100 67 88 98 16 26 22 78 11 99 53 88 62 87 24 35 59 17 12 41 10 43 15 42 53 5 95 39 8 79 66 96 70 60 97 40 20 95 38 68 11 13 42 10 73 60 33 21 50 24 83 48 
40 3 51 12 60 41 67 14 61 28 3 51 8 64 78 15 63 47 64 19 6 49 76 86 15 97 17 44 90 52 42 69 22 49 64 85 23 56 70 2 70 45 27 65 40 78 79 88 29 24 69 14 23 14 60 86 63 27 38 2 70 56 21 78 92 52 6 6 28 75 47 2 35 65 28 45 41 36 3 41 50 92 14 50 14 4 40 50 58 88 56 29 
17
24 15 24 18 72 95 60 35 84 15 13 25 25 45 48 32 57 
70 30 56 17 90 73 92 92 64 21 96 92 94 69 76 17 19 
46
54 16 94 55 37 51 2 40 72 90 43 2 74 77 73 55 84 54 74 2 8 13 89 100 83 39 10 41 39 13 52 86 24 16 2 47 25 8 49 26 86 50 54 5 91 30 
55 43 55 25 73 38 91 32 12 84 3 27 35 35 8 56 37 15 33 19 18 55 66 35 22 57 34 66 66 71 35 49 53 79 21 82 50 58 65 15 98 19 3 69 46 72 
9
19 92 22 25 90 41 36 9 76 
44 79 79 8 52 77 63 8 11 
81
84 20 90 53 48 92 59 9 23 53 28 41 40 37 48 10 79 37 1 92 76 13 97 73 93 34 48 82 76 41 27 45 95 60 58 3 58 53 82 62 57 32 23 19 51 55 55 69 9 74 98 73 76 53 19 79 68 57 40 54 53 8 62 58 70 73 60 54 82 49 55 60 51 20 42 52 35 1 70 52 53 
82 41 62 14 42 72 98 75 43 91 23 17 66 79 32 41 73 25 81 27 6 18 89 39 57 74 95 61 45 98 84 46 87 77 13 77 52 24 33 97 66 78 24 13 46 71 81 66 65 86 40 59 27 31 56 47 88 24 80 4 25 27 72 7 19 66 69 16 82 31 99 68 63 3 1 66 52 32 26 76 99 
37
22 26 74 78 28 67 68 91 25 95 92 9 84 94 57 46 62 91 44 86 23 66 8 69 97 6 26 78 66 25 100 87 84 91 87 76 37 
98 58 4 67 8 86 30 54 20 40 54 59 92 10 28 21 97 93 45 98 52 25 11 92 64 74 20 79 55 77 21 2 34 21 28 37 72 
35
83 61 62 97 76 44 50 42 83 14 46 30 99 18 57 41 25 69 41 74 23 81 80 12 22 72 48 21 29 53 51 56 63 67 63 
75 72 55 52 38 2 56 55 46 25 84 31 11 39 16 45 18 88 71 66 48 83 67 73 29 38 36 86 61 29 49 33 56 64 33 
17
93 73 54 32 99 97 12 22 76 30 78 55 42 38 79 74 74 
89 50 78 51 28 89 5 65 40 70 42 45 27 85 67 61 73 
66
37 78 52 86 75 28 37 62 89 37 29 63 52 93 2 66 27 90 94 55 68 44 56 12 3 50 94 57 51 91 73 13 47 2 67 90 79 38 55 3 79 37 88 48 32 11 39 73 51 13 80 17 44 85 84 19 74 30 50 53 68 37 21 29 37 87 
15 25 57 56 62 66 12 45 67 1 68 20 37 80 92 95 64 18 40 77 33 19 78 35 55 57 18 25 74 63 16 52 94 62 1 45 97 14 79 65 94 33 41 21 66 18 90 58 8 27 42 20 100 82 17 82 51 71 12 62 27 49 99 47 35 16 
46
21 35 74 29 80 6 59 73 17 85 27 75 85 53 61 61 51 6 55 7 45 36 16 88 54 14 45 98 74 91 17 81 66 69 81 97 43 47 11 18 47 98 19 36 21 12 
51 13 92 95 98 3 75 75 36 43 63 83 87 48 22 78 72 2 50 36 67 61 100 28 51 98 64 36 80 96 50 89 3 39 8 41 8 91 86 14 17 4 30 25 82 40 
83
25 87 70 38 44 100 61 38 1 58 79 78 98 45 59 43 16 23 92 6 44 68 28 58 40 6 98 32 67 84 72 92 45 8 77 2 59 20 59 69 14 37 35 78 37 17 14 64 17 68 45 38 4 79 87 29 68 7 57 39 83 64 42 48 51 38 75 93 85 18 52 95 27 59 29 88 34 74 78 70 17 10 68 
71 41 28 3 20 15 99 75 33 79 12 94 93 50 99 21 52 84 41 80 100 14 96 61 42 60 36 45 70 24 40 43 1 85 94 53 92 52 82 74 25 27 93 40 63 96 86 49 41 48 8 50 97 64 40 95 50 55 49 41 50 29 2 47 74 92 70 36 99 61 25 12 75 69 70 69 100 4 45 59 63 96 14 
61
57 26 47 76 78 93 20 100 83 13 85 8 42 52 60 57 48 33 25 38 5 62 70 77 10 26 54 10 38 12 42 92 76 78 43 21 88 34 75 35 49 44 25 22 45 3 82 29 11 67 34 5 69 42 29 67 12 48 11 25 41 
10 31 11 11 68 74 27 21 39 67 62 19 68 94 4 26 42 36 21 20 87 24 47 29 17 60 85 61 76 17 76 61 38 12 7 13 50 67 10 43 7 64 17 19 56 97 79 85 27 29 56 80 13 58 2 74 10 64 96 95 22 
70
15 45 49 62 97 82 73 63 81 72 57 41 20 47 53 7 63 20 53 73 60 48 38 9 4 59 16 69 14 87 99 65 60 54 16 22 39 16 28 97 69 13 6 93 96 70 86 46 3 4 33 33 80 43 10 49 12 9 48 25 16 58 38 97 2 34 19 39 17 76 
33 81 35 14 17 11 42 28 5 22 94 33 75 27 76 9 92 1 81 38 94 45 58 64 9 98 95 66 46 93 52 62 66 12 61 51 87 7 5 65 88 51 68 100 22 69 55 63 34 15 79 50 76 35 5 57 18 25 60 75 57 5 54 43 50 33 82 89 93 68 
81
2 85 37 21 60 95 5 21 90 19 64 73 23 64 89 54 62 39 85 7 52 55 50 25 59 33 33 100 63 40 6 75 94 60 53 21 84 89 2 36 2 94 6 30 37 51 22 19 67 55 1 99 37 8 94 46 71 49 100 94 93 66 60 6 83 53 91 69 72 97 66 72 14 46 72 49 84 100 77 74 37 
90 98 27 22 53 83 4 1 66 37 46 51 97 86 19 50 46 90 59 11 73 82 87 18 76 6 17 94 78 5 45 28 82 80 39 56 87 81 59 25 7 46 36 54 35 16 17 27 38 87 63 39 33 21 5 31 24 84 74 86 98 31 73 66 90 59 94 25 61 42 49 94 54 85 64 52 28 63 6 34 18 
45
8 13 77 98 91 24 30 64 11 23 65 28 62 74 99 51 66 63 10 35 97 68 83 13 67 91 58 37 88 49 87 64 14 1 19 18 92 3 14 70 6 87 97 47 1 
47 68 59 40 53 85 74 100 41 44 80 14 15 12 29 80 59 47 19 72 32 63 88 39 30 81 9 35 46 5 43 98 51 83 56 94 24 72 27 24 87 53 33 65 53 
