50
28 13 10
8928 1368 7110 3068 4468 3408 4513 8382 4888 3962 
43 13 29
2271 821 1987 6235 6525 726 8460 7369 5804 2914 2095 7194 4433 5640 5276 9207 8083 3815 5593 6040 3932 1979 8638 3045 2705 1222 8806 3197 1062 
36 11 31
1964 2327 8772 8516 2764 2553 7060 2373 329 4243 2834 9261 1681 1417 2392 9480 3508 3178 8102 2188 3305 1893 7118 3207 9052 8590 3078 5881 7276 400 681 
43 9 11
1471 8254 8265 4 7311 8536 2596 7627 6482 2620 6080 
41 11 12
6662 3069 3873 6150 9654 76 9798 9284 3193 1952 7223 8596 
39 11 6
1028 145 3848 2573 641 2874 
47 14 42
1221 1569 2949 7422 9829 365 7864 48 8767 8634 5667 3997 6349 8009 7662 9282 2688 2980 5039 8758 1577 2746 5929 3048 2154 1383 3413 3701 1784 2216 7007 367 2707 4750 8229 2186 1098 4353 5692 6617 7241 4118 
43 6 28
964 316 5963 2984 9059 1944 455 1536 3270 162 2975 678 8027 336 2755 618 1985 6741 3251 4216 2185 8858 2730 2325 9344 3853 457 9082 
39 8 3
6676 2468 8138 
38 8 13
2826 2304 8817 2962 717 4611 9742 524 2996 7025 3738 5699 1469 
41 10 27
1914 6005 3615 2770 4404 826 3643 6562 9375 9407 1797 9842 4591 5418 607 9729 6955 5751 6198 8918 8962 5434 9561 8561 9899 264 9774 
34 8 6
1090 9068 5023 3491 416 4161 
41 12 7
1824 2938 5514 1311 8661 1140 1489 
18 7 10
6149 725 6489 1495 7678 4401 8163 1789 1825 8863 
22 11 8
2536 8355 4656 572 1375 2994 5537 3627 
36 6 21
6026 569 8294 640 3602 5436 9225 928 7843 9879 355 3542 22 1948 8297 1024 3890 1573 7970 8747 579 
27 13 4
7160 8341 5312 7640 
39 8 33
8436 2311 3661 6365 2875 5061 8518 4965 9266 1848 948 5149 8327 4825 9476 9804 2206 9781 8280 5578 1217 8182 7501 9093 1031 1535 203 5409 9636 6156 7916 1487 642 
23 11 7
93 2850 1537 4732 613 939 4419 
52 13 25
6607 931 1551 4577 5328 8228 3586 5927 5052 9296 3438 2041 7351 1373 989 8245 8772 2991 6342 4600 3518 8970 3167 1473 246 
43 11 12
2286 4384 4891 6709 3622 7335 5817 4493 5028 3335 726 158 
25 5 8
5390 3378 2317 5323 5934 1516 2321 9801 
38 5 13
968 6347 8285 1513 3612 8400 5275 1513 9455 125 5920 9312 6774 
39 5 4
4438 3667 3772 3281 
43 13 35
2841 8727 5759 4107 9322 1362 2734 7058 718 8225 4870 1646 8783 7488 320 2851 481 1253 5905 5719 1797 5037 410 7459 9547 3449 8463 9693 1959 8922 5018 2260 4104 5912 2400 
15 5 5
8596 3898 5016 4896 3659 
42 13 32
4432 1518 9345 8147 5257 5889 9903 1767 3002 9566 8907 648 232 4099 7580 513 6112 4283 5522 6823 2521 6898 3848 4583 3448 1306 536 7871 5779 2205 3219 1329 
36 13 29
3860 5837 4423 7845 1435 1131 3078 4468 4153 6647 2167 8344 4901 6914 9057 305 2795 7538 3081 5339 2419 4016 7291 9301 5430 3508 6987 1249 2318 
42 11 36
2877 1750 1665 16 6289 5173 5058 4304 3478 133 1425 4322 4525 8294 4926 9914 7628 7012 2776 7975 709 7094 6901 2664 8316 5575 5027 7921 9811 5226 943 4174 2776 9082 3079 983 
42 9 12
1972 2295 8488 4521 2995 7905 3958 666 4072 9282 8021 4006 
43 10 24
6687 1929 1432 2693 2381 6652 7912 6502 1142 2140 1900 7602 2016 1651 3716 2196 2521 4827 9506 9802 9223 9250 8570 441 
46 12 30
8558 2685 5033 3597 3176 9171 7727 9381 2021 1297 8266 2342 8330 9382 6266 4449 6295 8646 3099 4577 8393 5812 1243 5409 306 8419 9848 3359 2646 4829 
23 13 2
7075 4383 
18 6 10
1715 3688 9934 5302 994 2132 108 4586 7983 7088 
37 9 24
8273 5863 420 6156 7227 6519 116 4493 7960 2775 8326 4517 389 2873 5025 9197 7950 2046 8756 1036 43 9258 4117 7709 
23 11 3
9748 3408 51 
45 14 2
215 4321 
49 11 27
7443 1992 301 1395 141 1601 4721 1483 5039 460 8840 189 114 3858 1062 4800 4278 8690 1729 190 5242 9504 6697 9164 6828 2352 6102 
48 9 24
1522 9485 5880 1329 9927 3602 6570 3800 5130 2052 741 1027 4856 441 2681 7679 4591 5048 209 8858 2320 6989 518 4524 
34 10 1
7579 
39 9 18
8026 5854 8749 6027 3361 4157 1164 7111 5283 1144 8654 5338 5627 6166 7722 8192 2713 7104 
41 8 12
9840 4571 1333 7568 2600 7257 5209 730 1429 7307 7315 2033 
34 14 8
9120 856 7609 5530 169 1988 1808 2696 
44 6 37
9889 2968 4768 766 2677 7937 3271 6497 1359 2419 3661 2814 7886 7334 8456 7167 7603 1362 7408 9935 2218 4277 1199 4833 4333 1907 8277 4018 9029 6717 7438 7835 4210 709 3448 9292 8125 
39 7 26
7468 9422 3052 1175 7702 3718 7630 6747 4087 1557 3591 4129 5062 9145 2442 3100 4758 2200 8627 4235 138 2471 1528 4668 4636 4760 
43 12 17
7555 3584 3297 2499 1640 8699 2284 1322 1923 9325 345 3769 9186 2384 8521 3216 1443 
46 13 37
1009 278 7861 8014 5249 1936 8225 615 9432 5340 7206 3667 2447 3296 3292 3565 5930 9925 5301 9457 5861 1695 3392 1311 9071 1973 2287 112 764 5533 7532 188 4854 2935 2279 5931 9588 
32 6 13
2830 4922 9410 3393 1167 4585 6174 9282 5707 1279 298 1781 9619 
24 11 7
2599 1933 5516 7070 2412 149 80 
45 14 13
1321 583 3591 5322 4666 1775 4081 9951 1017 2144 4952 8530 5199 
