25 21 19 7 23 15 20 2 18 4 
36 40 6 39 28 23 12 26 25 15 3 16 20 27 14 19 18 37 31 8 24 21 17 9 5 13 4 22 7 
21 8 32 16 7 4 5 2 33 28 18 27 9 22 1 13 29 3 30 23 10 31 11 14 26 12 19 34 35 36 24 
10 8 17 21 22 1 12 28 13 3 20 
21 15 34 31 9 3 2 20 4 29 36 22 
15 4 30 29 7 34 
47 18 6 2 8 44 12 13 38 24 4 46 3 22 23 45 7 26 36 5 31 9 16 10 41 14 43 28 15 17 21 11 39 42 35 19 29 20 25 27 30 1 
19 34 20 37 23 32 14 2 4 31 39 29 15 7 10 26 33 18 1 3 38 35 13 16 27 8 36 40 
8 19 6 
15 1 2 38 33 8 22 14 3 36 12 11 28 
29 7 14 37 13 19 9 11 38 15 8 10 5 1 34 2 28 39 3 24 4 26 31 23 41 18 27 
3 27 18 7 15 28 
21 7 27 26 36 28 41 
12 17 8 9 1 10 13 2 6 11 
7 2 16 8 19 21 14 11 
15 8 22 14 16 12 21 13 2 17 10 24 6 7 23 3 5 30 4 34 1 
6 4 24 23 
13 23 18 26 15 6 22 34 11 20 32 33 14 3 2 17 39 31 4 5 8 35 9 10 27 36 37 25 28 19 16 21 38 
2 23 19 13 5 1 4 
4 51 42 43 15 27 25 24 32 20 26 39 6 28 29 49 33 8 50 22 45 19 14 31 17 
8 6 38 39 40 22 34 12 9 33 28 14 
16 19 11 9 18 6 2 3 
19 20 21 14 16 18 11 4 35 8 38 2 12 
32 33 22 27 
4 2 42 21 12 41 23 29 16 28 39 8 19 25 1 14 22 26 40 38 30 36 3 20 24 33 18 31 10 27 11 35 43 32 17 
2 15 6 12 11 
23 29 8 7 14 17 6 9 24 1 4 22 2 27 5 10 32 31 11 30 28 38 12 15 19 16 36 13 33 18 3 34 
9 14 33 30 25 4 22 26 3 16 23 15 20 21 6 24 11 27 12 19 28 7 13 29 17 31 34 18 32 
22 8 35 9 40 5 23 1 31 38 34 30 19 39 10 12 36 24 28 17 6 2 15 33 25 14 37 20 3 21 41 7 11 16 29 4 
41 26 30 15 28 37 5 35 33 29 21 34 
23 17 30 14 21 8 4 13 37 27 35 26 15 32 7 10 29 40 43 41 19 24 31 42 
3 20 39 2 4 21 18 15 12 22 8 38 42 40 41 28 19 17 34 11 32 43 44 25 9 10 14 5 29 23 
15 5 
6 4 2 12 16 5 3 17 8 18 
23 3 16 30 5 12 17 33 1 34 35 29 11 31 24 8 36 10 28 26 32 37 2 15 
20 1 6 
36 37 
45 28 35 9 3 36 4 17 1 20 40 33 49 29 13 11 26 43 8 2 44 42 23 24 41 31 7 
35 16 40 25 15 17 11 19 13 1 22 41 42 3 44 43 26 34 2 28 45 20 10 21 
32 
32 36 10 31 38 22 16 29 8 21 17 12 23 27 25 26 9 15 
1 21 41 24 39 36 38 30 18 27 3 22 
9 15 8 30 29 11 17 27 
34 10 26 44 37 4 19 42 35 30 39 36 2 32 40 31 22 20 33 24 38 3 14 7 28 43 1 15 21 6 8 11 41 5 23 9 12 
20 4 14 19 38 12 37 36 28 25 21 16 8 27 7 26 22 39 5 23 1 15 24 11 6 2 
31 3 32 37 43 13 18 7 38 27 28 1 22 41 5 39 20 
44 46 41 5 10 14 45 16 18 22 6 39 2 32 12 35 31 20 26 7 21 8 42 19 28 23 1 11 29 30 13 17 33 24 3 43 4 
15 9 11 12 27 4 2 32 10 8 18 7 26 
8 21 17 7 19 24 23 
17 15 6 18 4 24 10 16 43 27 29 9 33 
