50
37 11 12
1061 3577 9664 2786 492 9968 9162 7003 1496 3205 754 51 
25 6 3
2093 7075 2267 
51 14 15
5487 3356 9737 3750 8639 8854 3579 78 6737 2292 3864 9715 9479 7102 6501 
30 13 7
2264 5059 1838 173 9837 5621 5668 
42 11 6
6114 7512 1637 4737 5795 3295 
38 13 29
4247 6774 5288 132 3288 6305 6766 9585 1606 5066 6855 849 179 2444 8699 829 5669 5026 8559 9206 7705 7336 9482 1530 440 4642 278 1908 137 
32 6 23
4792 6704 7108 3247 6293 733 5323 1056 8192 7160 4311 4737 3140 7197 9945 8556 9681 2027 4432 3748 6302 461 2316 
39 12 9
7668 5179 7395 7394 4101 4349 9585 2577 9947 
31 8 17
8085 2923 5188 456 8724 9017 680 2629 1445 6960 2425 1775 7552 1782 424 9010 9487 
50 12 16
690 6912 9972 2147 2643 9996 8266 2593 2486 4796 6636 8049 1171 1627 1467 9296 
33 12 3
8522 3735 3700 
31 7 20
2355 2192 6511 6905 9203 2734 1894 7402 7738 6932 2151 9162 9277 3788 1624 443 254 6517 5226 1980 
31 12 25
3605 4727 8202 6646 6934 5534 3678 1255 1996 4467 3421 173 7300 9949 6071 4470 9058 9313 2572 8244 7188 425 2414 1839 7202 
42 11 33
9641 8505 9456 9163 6585 3933 8473 752 9052 2166 1948 860 3928 6447 8391 1954 6822 3296 5495 8196 2883 6015 5347 8788 6439 3544 8184 8236 3189 464 6252 383 1794 
20 6 12
2618 9084 6666 8271 447 9637 8469 4652 8787 7647 7 1960 
33 14 16
2327 8677 1545 7873 5822 3452 1681 3987 8648 7562 2848 217 2411 9503 921 7229 
37 13 12
3863 3085 2136 6930 2787 3263 100 138 868 3350 8545 2526 
37 11 32
634 2462 602 2651 9757 7718 2044 8218 9440 1768 9364 6184 6023 9544 4440 497 9574 3607 1057 1950 439 2221 5693 133 8089 8806 4659 347 8762 6123 5308 299 
36 12 18
3580 7332 6121 9150 1789 232 816 6305 3140 8955 7316 111 1352 8114 3603 35 5611 5657 
51 12 2
8387 7510 
48 9 24
2292 6830 1104 8603 4487 3432 902 1373 3717 1832 3643 4543 8665 4745 1260 4170 4299 582 6668 4535 8482 8779 6726 8258 
42 13 25
1713 363 2175 8541 8996 923 261 2757 9292 1187 74 1634 9024 1105 4784 6188 1646 780 2646 9320 6303 7557 87 1940 4382 
40 10 34
1322 6422 3017 3904 2538 5981 4301 2486 9489 2121 9017 1507 6083 4014 3342 7913 3766 1125 2768 5031 5676 7856 9951 1216 7392 232 1225 5866 1454 3289 525 4740 2569 8081 
37 9 7
1605 9258 463 4143 3764 6578 6802 
22 9 12
6993 4791 3770 8911 1749 722 9213 284 428 8581 478 1124 
37 8 2
9896 3384 
32 14 5
9790 4784 4169 1664 4047 
35 12 3
6825 80 4481 
25 6 2
1271 3637 
30 8 3
4789 3859 1191 
22 10 14
6972 254 1768 1273 921 7421 4329 864 268 7540 2582 4400 6574 4775 
21 6 8
2346 2519 8182 1816 9172 8505 314 1940 
42 7 13
6718 3921 1396 775 8137 2582 982 6545 2203 6189 4804 7096 2004 
35 9 16
9038 3693 3661 8547 1220 5714 5219 403 6632 9098 9605 7297 9712 6988 2683 8918 
26 7 6
6975 3039 4144 4363 3526 20 
36 8 19
5119 5096 2435 5024 5038 466 2170 1365 9663 7553 5706 114 8131 7679 4160 1803 8932 5359 600 
34 14 13
4393 1261 600 5302 9645 593 8059 2251 7572 8989 9158 1650 9577 
40 8 33
8741 2848 9279 6688 1858 2939 5936 398 9458 4623 4344 6210 6210 4199 1069 3318 3161 279 3529 8880 6550 9546 7417 4968 1673 74 8528 9281 7183 623 9137 9271 4916 
36 13 13
2469 1318 5384 6044 2852 822 8947 3200 2895 4610 5574 2258 2754 
22 6 1
4012 
45 13 18
4432 557 7590 9262 7934 5703 115 9047 6769 2288 415 7227 1081 8347 915 8419 2828 4200 
41 8 36
6664 4540 3032 8429 6626 5930 7532 185 6533 2584 7640 7139 1375 7263 7024 9884 3102 7622 4934 8739 1253 5920 1992 456 6705 4376 7402 5171 2829 5616 2534 5718 7570 2838 7521 1040 
36 9 3
6899 5464 9321 
44 8 34
9492 7695 1379 5357 8849 3546 5329 4739 6102 772 9801 6962 5024 8953 4033 5212 1570 9599 239 6888 7212 2611 8740 9904 8576 1254 7972 5304 305 6169 6794 8673 7245 3332 
28 7 22
3117 2181 626 8282 8103 4771 4804 9522 1273 863 6895 6187 6081 9837 6530 1816 1272 3586 1731 2729 5608 9203 
27 14 11
2174 703 1745 5686 4776 1427 8897 1350 6694 5530 5267 
45 8 24
3639 6945 2707 2156 5892 3045 3975 9064 8207 2552 4928 7618 1725 349 7304 7522 2821 3211 4365 9709 5241 7901 2838 4841 
25 12 12
2035 9194 1827 8599 4989 8854 793 4983 1244 4293 8481 4100 
34 7 28
7720 8134 5441 9566 971 6219 3472 2158 6047 7537 6540 2818 1069 6776 7204 9932 1215 2532 4919 861 4848 4309 2984 3722 401 1447 1557 2848 
23 8 6
6341 4208 886 9247 1505 884 
