26 14 21 32 6 29 15 25 4 27 10 24 
19 20 12 
31 21 17 44 13 1 10 37 42 39 27 14 7 20 48 
15 4 12 5 2 13 11 
25 19 18 9 8 27 
30 2 8 26 14 11 13 22 32 6 21 34 23 35 38 31 1 17 33 5 37 10 36 12 29 4 16 24 9 
25 9 13 28 17 14 26 32 4 31 22 23 27 24 21 1 18 29 12 16 15 30 10 
25 17 2 26 32 13 4 7 9 
26 4 15 6 19 23 21 18 9 25 1 17 5 20 10 30 31 
41 3 25 22 15 11 27 20 6 2 38 37 8 35 7 5 
9 15 19 
31 22 23 15 11 17 20 13 1 27 8 25 2 10 21 30 5 12 29 28 
10 25 12 24 14 30 19 3 15 18 29 16 31 8 4 13 23 5 11 9 6 28 27 17 2 
24 3 9 16 7 34 23 19 41 25 8 28 17 38 29 14 32 10 6 12 39 5 18 33 4 20 15 26 22 35 36 1 31 
19 3 9 20 7 4 13 5 12 2 10 11 
18 16 10 29 17 4 2 3 5 13 23 9 11 8 7 22 
16 30 20 31 6 13 2 29 9 28 26 36 
6 26 36 23 12 34 11 15 20 22 25 30 21 19 29 8 4 18 2 28 24 27 17 10 33 35 32 9 5 16 1 14 
17 5 6 12 1 26 14 19 27 18 2 13 33 11 25 24 23 28 
24 37 
37 3 11 22 45 21 20 1 26 34 29 12 38 31 43 41 23 32 28 5 39 35 47 4 
34 19 10 25 33 32 41 26 36 5 37 39 2 15 11 38 4 28 35 31 40 3 6 14 30 
3 25 2 26 4 32 13 19 28 29 6 33 36 10 1 34 40 5 22 21 17 39 30 12 11 9 38 24 37 8 20 35 7 31 
15 23 5 4 31 25 19 
20 15 1 2 13 9 4 11 21 22 16 18 
18 35 
31 15 24 30 13 
1 11 12 
22 9 
20 9 30 
21 11 19 16 13 20 15 8 12 6 14 2 4 5 
16 15 7 17 12 14 13 21 
41 14 24 1 32 10 26 19 38 11 27 25 13 
9 27 13 20 15 24 28 11 29 26 6 23 5 34 22 21 
8 5 15 10 26 20 
8 28 15 35 33 31 5 2 17 10 34 4 1 12 32 6 14 9 30 
8 11 33 31 20 1 2 9 34 13 25 22 24 
22 30 29 37 15 34 10 8 26 9 33 3 13 12 1 39 40 2 11 18 7 32 6 14 5 38 4 36 19 35 17 31 27 
22 8 28 24 32 26 9 5 20 27 21 11 29 
9 
23 40 25 17 31 19 44 1 20 13 30 12 26 3 18 22 15 34 
23 12 10 34 18 3 32 19 33 37 17 22 9 15 28 31 25 21 35 41 27 2 26 39 20 16 38 5 8 7 40 14 4 13 30 6 
24 16 13 
33 28 43 32 37 19 24 11 41 21 10 20 30 7 36 12 42 5 26 6 2 17 1 9 4 29 40 22 25 34 8 13 3 35 
10 7 17 11 22 5 21 23 8 3 16 15 20 1 9 6 18 19 14 27 4 2 
15 16 6 22 19 25 12 13 11 18 20 
40 10 17 13 16 1 20 39 11 43 21 34 4 38 7 14 45 19 22 12 33 18 23 9 
11 5 7 6 20 24 17 25 19 12 18 2 
3 11 12 24 9 6 10 26 21 13 25 22 5 15 17 20 16 32 23 34 19 8 2 18 14 33 29 7 
17 16 5 6 22 9 
