empty
0
empty
empty
2668
2668 4251
2668 4251
4251 2668
2668 4251
2668 4251 8347
2668 4251 8347
15266
8347 4251 2668
8347 4251 2668
15266
2668 4251 8347 8130
8130 8347 4251 2668
23396
2668 4251 8347 8130
23396
2668 4251 8347 8130
-1
23396
8130
15266
2668 4251 8347
15266
2668 4251 8347 5475
4251
2668 8347 5475 179
2668 8347 5475 179 2242
2668 8347 5475 179 2242 8938
2668 8347 5475 179 2242 8938
8938 2242 179 5475 8347 2668
27849
2668 8347 5475 179 2242 8938 5267
2668 8347 5475 179 2242 8938 5267
5267
27849
2668 8347 5475 179 2242 8938
27849
27849
2668 8347 5475 179 2242 8938 438
438 8938 2242 179 5475 8347 2668
2668 8347 5475 179 2242 8938 438 6769
6769 438 8938 2242 179 5475 8347 2668
2668 8347 5475 179 2242 8938 438 6769
8938
2668 8347 5475 179 2242 438 6769 1770
2668 8347 5475 179 2242 438 6769 1770 8659
8659 1770 6769 438 2242 179 5475 8347 2668
2668 8347 5475 179 2242 438 6769 1770 8659
8659 1770 6769 438 2242 179 5475 8347 2668
2668 8347 5475 179 2242 438 6769 1770 8659
2668 8347 5475 179 2242 438 6769 1770 8659
179
5475
8659
22234
2668 8347 2242 438 6769 1770
2242
19992
1770
2668 8347 438 6769 4457
2668 8347 438 6769 4457
4457
2668 8347 438 6769 2043
2668 8347 438 6769 2043
2043 6769 438 8347 2668
6769
2043
438 8347 2668
438 8347 2668
2668 8347 438 5049
2668 8347 438 5049 8810
25312
25312
2668 8347 438 5049 8810
2668 8347 438 5049 8810
5049
8810 438 8347 2668
20263
438
8810 8347 2668
2668 8347 8810 9759
2668 8347 8810 9759
9759 8810 8347 2668
2668 8347 8810 9759 2789
32373
2789
9759 8810 8347 2668
2668 8347 8810 9759 5198
2668 8347 8810 9759 5198
2668 8347 8810 9759 5198 8879
8347
8810
8879 5198 9759 2668
2668 9759 5198 8879
2668 9759 5198 8879
2668 9759 5198 8879 5584
