Index Error
Index Error
Index Error
empty
empty
-1
empty
Index Error
-1
empty
empty
Index Error
empty
empty
empty
empty
Index Error
empty
-1
-1
empty
8240
8240
8240 2530
8240 2530
8240 2530 6534
2530
2530
6534
Index Error
-1
8240 1312
8240 1312
8240 1312
8240 1312 3707
8240 7608 1312 3707
1312
8240 7608 1312 3707
8240 7608 1312 3707 7198
1312
3707
3707
8240 7608 3707 7198
3707
8240 7608 7198
7608
Index Error
7198
8240 7198 6651
7198
Index Error
8240 6651 1248
8240 6651 1248 9710
1248
6651
8240 1248 9710
8240 1248 9710
8240 1248 9710 573
8240 1248 883 9710 573
8240 1248 883 9710 573 2838
573
8240 1248 883 9710 573 2838
573
573
573
8240 1248 883 9710 573 2838
8240 1248 883 9710 573 2838
573
8240 3619 1248 883 9710 573 2838
3619
573
573
883
1248
-1
573
-1
8240 9710 573 2838 5915
9710
Index Error
8240 573 2838 5915
8240 573 2838 5915 1278
8240 573 2838 5915 1278
8240 573 2838 5915 1278 7511
8240 573 5832 2838 5915 1278 7511
8240 573 5832 2838 5915 1278 7511
573
8240 5832 2838 5915 1278 7511
8240 5832 2838 5915 1278 7511
8240 5832 2838 5915 1278 7511
8240 5832 2838 5915 1278 7511
8240 2304 5832 2838 5915 1278 7511
1278
8240 864 2304 5832 2838 5915 1278 7511
864
-1
Index Error
8240 2304 5832 2838 5915 1278 7511 2913
8240 2304 5832 2838 5915 1278 7511 2913
8240 2304 5832 2838 5915 1278 7511 2913 7724
