-1
-1
1538
1538
1538
-1
1538
Index Error
-1
1538
Index Error
1538
1538 4342
1538 4342 5234
11114
1538 4342 5234
4342
1538 5234 8336
1538 161 5234 8336
1538 161 5234 8336 2448
5234
1538 161 8336 2448
1538 161 8336 2448 2593
2448
1538 161 8336 2593
1538 161 8336 2593
8336
1538 161 2593
1538 9531 161 2593
1538 9531 161 2593 5068
1538 9531 161 2593 5068 831
161
1538 9531 2593 5068 831
1538 9531 2593 5068 831 5676
1538 9531 2307 2593 5068 831 5676
27544
1538 9531 2307 2593 5068 831 5676 795
1538 3042 9531 2307 2593 5068 831 5676 795
31381
2307
9531
1538 3042 2593 5068 831 5676 795
19543
1538 3042 2593 5068 831 5676 795 8218
1538 3042 2593 5068 831 5676 795 8218
1538 3042 2593 5068 831 5676 795 8218 6006
5068
1538 3042 2593 831 5676 795 8218 6006 4004
32703
1538 6468 3042 2593 831 5676 795 8218 6006 4004
1538 6468 3042 2593 831 5676 795 8218 6006 4004 5421
44592
1538 6468 3042 2593 831 5676 795 8218 6006 4004 5421
1538 6468 3042 2593 831 5676 795 8218 6006 4004 5421 9357
1538 6468 3042 2593 831 5676 795 8218 6006 4004 5421 9357
3042
1538 6468 2593 831 5676 795 8218 6006 4004 5421 9357 8754
1538 6468 7438 2593 831 5676 795 8218 6006 4004 5421 9357 8754
1538 6468 7438 2593 831 5676 795 8218 6006 4004 5421 9357 8754
67099
1538 6468 7438 2593 831 5676 795 8218 6006 4004 5421 9357 8754 111
2593
1538 6468 7438 831 5676 795 8218 6006 4004 5421 9357 8754 111
1538 6468 7438 831 7338 5676 795 8218 6006 4004 5421 9357 8754 111
1538 6468 7489 7438 831 7338 5676 795 8218 6006 4004 5421 9357 8754 111
1538 6468 7489 7438 831 7338 5676 795 8218 6006 4004 5421 9357 8754 111
1538 6468 7489 7438 831 7338 5676 795 8218 6006 4004 5421 9357 8754 111
1538 6468 7489 7438 831 7338 5676 795 8218 6006 4004 5421 9357 8754 111
1538 6468 7489 7438 6582 831 7338 5676 795 8218 6006 4004 5421 9357 8754 111
1538 6468 7489 571 7438 6582 831 7338 5676 795 8218 6006 4004 5421 9357 8754 111
1538 6468 7489 571 7438 6582 831 7338 5676 795 8218 6006 4004 5421 9357 8754 111
1538 6468 7489 571 7438 6582 831 7338 5676 795 8218 6006 4004 5421 9357 8754 111
1538 6468 7489 571 5965 7438 6582 831 7338 5676 795 8218 6006 4004 5421 9357 8754 111
1538 6468 7489 571 5965 7438 6582 831 7338 5676 795 8218 6006 4004 5421 9357 8754 111 1912
1538 6468 7489 571 5965 7438 6582 831 7338 5676 795 8218 6006 4004 5421 9357 8754 111 1912 7268
1538 6468 7489 571 5965 7438 6582 831 7338 5676 795 8218 6006 4004 5421 9357 8754 111 1912 7268 3935
1538 6468 7489 571 5965 7438 6582 831 512 7338 5676 795 8218 6006 4004 5421 9357 8754 111 1912 7268 3935
1538 6468 7489 571 5965 7438 6582 831 512 7338 5676 795 8218 6006 4004 5421 9357 8754 111 1912 7268 3935 7386
1538 6468 7489 571 5965 7438 6582 831 512 7338 5676 795 8218 6006 4004 5421 9357 8754 111 1912 7268 3935 7386
7489
7438
1538 6468 571 5965 6582 831 512 7338 5676 795 8218 6006 4004 5421 9357 8754 111 1912 7268 3935 7386
1538 6468 571 5965 6582 831 512 7338 5676 795 8218 6006 4004 5421 9357 8754 111 1912 7268 3935 7386
1538 6468 571 2956 5965 6582 831 512 7338 5676 795 8218 6006 4004 5421 9357 8754 111 1912 7268 3935 7386
101604
1538 4480 6468 571 2956 5965 6582 831 512 7338 5676 795 8218 6006 4004 5421 9357 8754 111 1912 7268 3935 7386
1538 4480 6468 571 2956 5965 6582 831 512 7338 5676 795 8218 6006 4004 5421 9357 8754 111 1912 7268 3935 7386
571
1538 4480 6468 2956 963 5965 6582 831 512 7338 5676 795 8218 6006 4004 5421 9357 8754 111 1912 7268 3935 7386
1538 4480 6468 2956 963 5965 6582 831 512 7338 5676 795 8218 6006 4004 5421 9357 8754 111 1912 7268 3935 7386
1538 4480 6468 2956 963 5965 6582 831 512 7338 5676 795 8218 6006 4004 5421 9357 8754 111 1912 7268 3935 7386
1538 4480 6468 2956 963 5965 6582 831 512 7338 5676 795 8218 6006 4004 5421 9357 8754 111 1912 7268 3935 7386 4717
963
1538 4480 6468 2956 5965 6582 831 512 7338 5676 795 8218 6006 4004 5421 9357 8754 111 1912 7268 3935 7386 4717 3338
113568
1538 4480 6468 2956 5965 6582 831 512 7338 5676 795 8218 6006 4004 5421 9357 8754 111 1912 7268 3935 7386 4717 3338 1358
1538 4480 6468 2956 9823 5965 6582 831 512 7338 5676 795 8218 6006 4004 5421 9357 8754 111 1912 7268 3935 7386 4717 3338 1358
1538 4480 6468 2956 9823 5965 6582 831 512 7338 5676 795 8218 6006 4004 5421 9357 8754 111 1912 7268 3935 7386 4717 3338 1358 2734
5965
1538 4480 6468 2956 9823 6582 831 512 7338 5676 795 8218 6006 4004 5421 9357 8754 111 1912 7268 3935 7386 4717 3338 1358 2734
