-1
-1
3872
3872 6917
6917
3872 2794
3872
3872 2794
2794 3872
2794 3872
3872 2794
3872
2794
3872
-1
3872 2351
2351
-1
3872 722
3872 722 4118
4118
4118 722 3872
4118
4118 722 3872
3872 722 4118 621
3872 722 4118 621
722
4118
621
3872
3872
-1
3872
3872 7976
7976 3872
7976
3872 817
817
3872
3872 115
3872 115 4396
3872 115 4396
4396 115 3872
3872 115 4396
4396
115
3872 4396 48
4396
3872
48
3872
3872 1536
1536 3872
3872 1536 3504
3872 1536 3504 8858
3872 1536 3504 8858 758
8858
758 8858 3504 1536 3872
3872 1536 3504 8858 758
8858
3872 1536 3504 758 189
1536
189 758 3504 3872
189 758 3504 3872
3872 3504 758 189 4696
3872 3504 758 189 4696 9617
9617 4696 189 758 3504 3872
9617
9617
9617
3872 3504 758 189 4696 9617 9510
9510 9617 4696 189 758 3504 3872
9510 9617 4696 189 758 3504 3872
3504
3872 758 189 4696 9617 9510
189
9510
9617
9617
3872 758 4696
758
4696 3872
4696
4696 3872
4696
4696 3872
4696
4696
3872 4696 6797
6797
4696
3872
3872 6770
6770 3872
6770
6770 3872
3872 6770 4741
6770
3872 4741
3872 4741
