15
5
27 37 47 44 75 
18
2 78 12 92 93 54 23 44 42 77 18 33 80 36 90 83 58 43 
20
9 40 23 35 83 77 94 16 20 6 21 54 91 67 63 68 8 81 49 45 
9
30 90 2 7 43 45 50 53 20 
12
8 52 27 68 45 85 1 7 23 57 82 9 
6
34 66 42 21 13 67 
16
80 36 26 7 28 23 73 33 76 98 9 13 89 37 32 39 
20
91 92 41 87 18 73 68 37 52 77 67 78 93 6 90 49 71 72 30 94 
19
87 64 88 39 28 89 16 20 10 94 15 45 24 33 25 95 49 57 14 
10
18 58 74 94 93 27 40 5 37 4 
11
90 88 5 77 97 37 14 82 13 39 25 
9
24 19 36 91 93 57 33 81 90 
20
8 52 1 9 58 66 26 25 72 28 60 55 27 83 35 37 34 79 88 6 
8
47 61 17 62 38 59 81 23 
11
47 51 41 60 96 25 32 38 16 7 89 
