50
11 39
64 26 66 4 42 9 30 70 74 68 50 
7 54
4 20 52 24 48 60 44 
12 56
26 2 33 22 20 8 38 96 80 6 36 10 
5 81
68 8 38 56 32 
13 82
72 22 7 64 70 86 44 36 2 82 28 42 92 
13 95
40 14 58 70 80 24 30 84 56 22 72 2 90 
6 80
2 16 10 98 42 20 
8 90
84 24 22 64 72 26 30 78 
11 90
96 98 42 86 62 92 2 76 15 72 78 
14 64
8 18 74 46 50 31 24 64 43 96 56 80 76 90 
6 67
6 94 74 32 30 16 
5 54
60 76 82 50 8 
9 5
78 22 24 12 40 74 96 82 68 
9 94
90 31 96 14 28 54 30 94 64 
9 98
42 50 58 10 98 76 21 72 26 
6 29
58 30 48 26 96 84 
15 8
60 42 16 64 26 98 34 94 54 40 33 88 10 22 8 
9 95
26 96 70 2 88 22 74 56 62 
14 40
24 14 38 50 62 56 28 42 12 54 52 96 8 86 
15 59
26 22 52 66 90 64 88 78 4 6 94 76 40 30 34 
14 88
41 62 96 98 92 86 48 66 74 16 12 94 70 36 
10 37
74 4 96 42 64 86 48 18 40 36 
5 98
76 72 22 2 42 
10 98
24 58 90 45 26 94 30 20 2 74 
13 83
78 88 36 86 16 10 92 2 72 28 96 9 11 
9 61
54 34 22 96 78 48 2 90 82 
8 62
16 64 98 12 26 47 18 44 
12 67
54 80 78 9 92 52 86 32 66 72 48 10 
6 86
10 96 18 6 36 12 
7 45
72 82 66 16 54 32 76 
12 40
36 90 6 4 24 88 19 70 40 56 44 18 
13 63
96 6 2 60 42 52 20 24 41 12 92 72 88 
13 33
2 20 82 66 50 17 14 76 80 39 56 98 94 
5 12
44 48 86 22 82 
10 4
34 60 28 10 68 24 16 72 78 58 
13 72
98 34 90 88 26 2 18 44 6 92 37 94 22 
13 55
76 72 62 70 84 66 54 38 44 94 2 24 46 
7 5
44 6 76 58 80 24 46 
5 67
76 40 14 38 72 
11 80
42 74 50 72 64 92 78 46 66 48 88 
9 84
92 26 2 62 66 32 72 10 16 
8 78
66 80 62 42 14 10 34 74 
13 23
44 30 32 66 6 38 28 60 86 54 56 92 68 
9 77
30 32 90 76 74 42 14 46 88 
8 72
82 35 22 4 84 14 72 86 
15 10
4 64 46 30 24 96 94 14 32 40 84 98 18 38 70 
11 84
42 90 96 35 46 66 26 12 56 36 2 
5 80
38 48 18 58 16 
5 16
88 94 62 50 30 
6 25
38 6 35 16 36 40 
