3
30
1 20630 57 19765 24538 23636 7684 12633 1658 3213 2753 20203 19843 4349 17631 10317 30179 7292 375 22890 11468 31598 25480 4405 32421 2596 12095 31617 20480 29055 
0 1 2 3 3 4 5 6 7 7 6 6 5 6 2 3 4 5 3 2 3 2 1 2 2 1 2 1 2 1 
30
1 29405 11235 19808 8602 15221 20097 14988 12456 15881 23426 25034 13130 29995 18091 2510 17033 2964 3516 10112 2407 28784 32723 23841 12616 12215 10288 14732 26408 25385 
0 1 2 3 4 4 4 3 3 3 4 4 4 3 2 3 3 4 5 4 2 3 4 3 2 3 4 1 1 2 
30
1 26557 20209 10459 29396 23012 7917 12344 22387 30342 12518 16396 20791 11502 9212 28311 6492 30869 10673 25632 25074 2852 8602 12254 16750 31375 17808 21303 25689 13926 
0 1 1 2 3 4 4 5 6 6 4 4 3 4 4 2 3 4 5 6 3 2 3 4 5 2 3 2 3 1 
