3
30
1 21280
21280 31587
21280 21435
21280 6638
31587 19755
21280 14177
21435 26978
21435 8280
31587 14880
14880 17063
26978 2277
19755 10846
17063 10900
8280 30738
19755 23957
21280 19782
21280 31654
30738 27888
19755 20812
20812 3323
19755 17667
21435 1195
27888 30989
2277 23278
31587 12770
14880 19823
23957 13021
12770 17140
17667 17102
19755 9642
30
1 10403
10403 2670
1 16006
16006 21018
1 18122
21018 26594
10403 11232
21018 16332
2670 130
10403 720
10403 8162
16006 7110
8162 14899
11232 5810
26594 10144
5810 14895
26594 17026
10403 12114
14899 18717
18122 20768
11232 1712
720 5634
10144 21489
21018 23770
23770 17811
5634 28823
10144 23519
20768 408
28823 28053
28823 3990
30
1 12553
12553 17735
17735 16275
12553 2377
1 15594
1 10851
2377 22091
22091 19382
16275 18575
19382 1877
12553 14346
18575 18748
17735 31252
19382 13317
18748 31653
19382 7432
16275 16096
1877 26437
17735 23795
18748 22334
14346 1330
18748 4032
15594 11558
16096 13963
18575 13878
4032 11722
23795 22493
2377 24245
16275 7148
18748 13129
