3
30
1 32560
32560 21188
1 17825
21188 22272
32560 31455
17825 23808
1 21387
1 10049
1 29632
21387 19600
19600 24203
24203 11285
17825 10538
32560 8515
22272 22260
19600 31321
24203 21826
23808 9387
21188 23775
21826 6683
32560 1803
19600 14586
11285 31277
1803 1300
9387 10673
23775 8770
24203 8856
17825 26025
29632 16821
8770 18502
30
1 14694
14694 426
14694 31784
426 8065
1 6408
8065 15898
14694 18899
14694 2184
426 30224
14694 18416
18899 32130
31784 8005
18416 5437
14694 29641
18416 14656
5437 3294
1 14073
8005 29867
29641 30648
14656 8992
1 5274
426 1701
31784 6946
6408 7784
18899 8293
18899 9240
8992 17409
31784 3776
1 15118
18899 7530
30
1 23958
23958 8737
8737 27946
23958 9571
27946 22878
8737 22066
8737 9653
22878 13028
23958 26526
22066 13877
13028 15962
13028 683
9571 26047
22878 27785
13028 22185
22066 31207
15962 16226
683 27201
9571 31992
683 1056
27946 280
23958 10617
31992 23221
683 18482
31992 19362
10617 23028
23958 5058
22878 29632
1 22753
8737 20952
