3
30
25217 27887 30684 31264 31447 13464 20506 15859 8348 23451 30504 29582 28 30603 12824 24806 22354 19434 23223 29573 27015 21930 14208 23110 8345 1014 4658 15535 24937 1 
5 5 4 3 5 4 5 4 5 4 3 3 3 2 4 4 5 4 3 3 2 1 2 2 2 1 1 2 1 0 
30
14602 22769 21861 31250 30541 24575 10071 24855 10682 20484 14878 17181 16000 6210 32437 8594 16950 27663 10913 20929 11250 11403 11121 29354 16442 1689 2541 20395 2335 1 
4 3 2 2 2 4 3 2 1 4 3 3 2 3 4 3 2 2 3 2 2 2 1 4 3 2 2 2 1 0 
30
23630 30440 6684 15272 5402 14622 18027 7999 11024 5735 19992 19470 26617 29161 31268 7850 29018 13977 26725 2136 12531 22055 30368 9326 30455 31726 8973 11776 31155 1 
3 3 2 2 1 3 2 2 1 4 3 3 2 5 4 3 2 6 5 5 4 4 3 3 2 1 2 1 1 0 
