100
19
7940 3206 5984 5492 972 9116 4244 8116 2115 1366 361 6373 89 588 3861 1433 3110 9344 41 
17
3619 6582 609 599 7630 9985 5688 1008 1343 1781 6592 3084 312 9138 3160 8316 6739 
18
7615 7744 1302 7202 3171 8458 8228 9739 6914 7834 4713 5966 2897 4684 6044 8644 257 8366 
17
5476 3152 9509 2544 4747 6420 894 9233 7418 9090 4072 8478 4684 1874 6829 2147 7685 
18
5507 3321 3659 5641 3819 1532 9658 3961 9619 3919 1005 693 9221 2615 5081 4407 2386 8065 
9
1658 5920 7740 3134 4717 4607 2348 5864 2924 
15
5035 3520 1135 658 1325 8761 5079 2815 947 40 204 1374 3094 7818 5257 
12
7901 7659 2339 4958 9898 3922 3851 3277 652 9533 2510 8894 
18
7076 2554 4589 718 2938 5166 8534 5421 9774 7248 3433 3346 6153 6732 6265 1520 9603 6641 
9
2565 7481 1973 4187 1162 6286 6822 1856 7650 
16
4995 4773 5503 859 4890 2506 6015 7724 4840 373 8179 9993 4898 3734 8767 6039 
10
8807 2762 9999 2282 4932 37 2487 1321 9003 4331 
8
5385 1034 6686 9351 7025 9589 4111 3843 
11
1393 5950 7381 3588 221 4723 6568 2206 9218 9494 6947 
9
4785 9348 2165 4331 7310 2850 4962 8586 5385 
12
5823 2569 3968 6588 9410 5292 354 991 2607 6848 4 7631 
9
7639 2472 5400 4861 9594 6259 2360 4444 9755 
13
9824 7740 4949 2355 639 9062 2683 8929 425 9916 3089 6047 762 
13
1088 8637 1415 6492 1340 1837 5121 9761 5300 7222 9251 9317 2508 
15
1230 8014 4005 537 7741 8629 7539 4115 1351 7799 4767 3941 4344 8222 297 
13
7352 799 9863 921 5478 1225 3265 7491 6914 9442 4985 4952 707 
10
2951 9769 8193 5626 6100 9412 7221 5796 2440 7070 
17
7709 5553 717 6641 3941 3128 6778 7561 8659 4573 3263 8910 7235 2629 7642 2588 5632 
16
1494 6283 9493 2900 1332 9777 9135 6219 4805 3800 2729 1078 8191 6640 1812 7972 
10
48 302 1715 1018 9221 8487 2480 4494 2418 7301 
7
2293 418 8101 5416 5071 8194 3583 
10
8054 3957 740 3055 6854 3191 6555 4092 7702 5254 
19
5677 1867 6619 6092 7055 5313 2577 3636 5060 4212 4247 8301 9533 6716 7680 3260 8055 6497 5780 
7
1321 8255 458 5903 9441 9666 9282 
17
6071 8132 3760 2941 6655 2762 9060 9038 3986 7126 8209 5525 2547 6748 3354 2067 1323 
12
9030 8081 6278 4805 5225 8927 630 7659 9612 6803 5994 7448 
7
7741 3715 8025 3245 7964 6643 372 
10
1066 5740 5347 6807 6265 9266 9050 7336 6837 312 
7
6966 8092 6831 2362 7239 5048 3958 
18
8311 9948 5233 8544 9101 6866 3474 3192 6293 3280 9572 9662 6534 9879 1312 527 6114 7545 
19
3871 6082 9389 6278 333 2516 23 5620 3485 1241 1130 6631 676 5918 7576 1420 9363 2690 452 
14
1202 7631 6300 7605 8380 316 4729 2120 8237 6542 1766 63 9983 839 
11
2023 8311 971 8621 1878 8099 6755 3841 1584 339 3920 
9
2592 2926 5016 5060 1567 8013 6039 2256 7152 
8
6237 8689 9079 351 4524 417 6311 4992 
13
2028 320 2214 8234 3179 6064 6783 3271 2186 9135 8109 8297 7752 
10
1085 3617 3832 9566 8 7607 245 2738 1545 9288 
17
1266 8599 462 5065 5387 2865 99 3568 9143 8666 1938 9343 2062 226 4414 2501 4402 
20
5419 62 2315 1018 5879 9364 6375 1948 3274 4395 2957 3554 2097 4379 1301 3088 6837 4953 7590 2989 
18
8538 290 2002 5291 4211 7323 1166 4750 9329 403 349 9489 3672 2373 9578 5965 4793 9382 
19
5400 9150 8236 4514 2420 7567 7641 8768 7380 1661 4623 8667 4001 7964 5448 8612 6502 3760 1251 
18
4656 9013 5696 2101 446 4681 3477 4046 1004 4502 9061 8853 386 6160 1935 8437 265 691 
14
7558 1533 1306 5822 4751 6481 1003 9728 2543 4383 9191 99 1442 8993 
11
2880 8050 975 5143 1607 2583 3838 3005 6751 4006 2346 
18
2053 5029 8333 9522 2642 7194 1238 6970 4521 4064 3507 745 2556 4561 7644 7329 9415 4807 
19
716 7249 1811 3158 4668 8395 489 9251 2853 3900 1216 8315 1087 3247 7656 6014 7724 257 7102 
20
8756 1408 7832 7721 8695 5716 4696 5198 5802 9937 5377 814 4244 5119 6298 3373 8901 3785 3463 6846 
20
8008 3003 3294 3012 5951 714 5033 9695 3387 8540 676 6576 8450 2420 5833 4805 5287 9212 9523 3852 
17
5575 8274 5263 5219 1394 5286 3091 4015 6447 5481 5355 3725 8084 3064 869 2784 9082 
18
9564 1857 2646 3209 4646 1699 1933 7878 3870 6620 5891 804 447 4916 974 2015 5115 8150 
14
2832 9858 3969 5334 8015 6463 8008 1289 2754 4426 9730 2808 1976 5577 
10
7792 4851 165 8528 5874 1204 2613 7032 5821 9626 
13
3876 789 2150 1001 622 8912 22 5924 2455 8468 1281 4753 6747 
20
7826 7332 3472 1852 7399 5577 1209 2058 1633 5819 3621 1119 6895 8 858 3810 5107 1464 2370 5144 
8
3728 4243 8583 9307 666 5093 1517 2431 
10
2998 8078 1275 1748 4914 3102 1203 4510 4491 2903 
7
3806 7310 363 8935 5445 482 3191 
18
1503 6926 2651 4885 1896 980 8079 2061 7134 4753 6674 228 8735 9560 6385 5625 4140 2735 
7
2576 7556 6836 2431 6981 8839 9147 
11
9359 2874 1500 1326 1305 3104 5562 2437 4557 2178 9380 
13
1633 9698 7937 6721 8743 6615 7880 6383 1805 1995 3757 7726 1733 
15
8616 6515 3476 7545 5296 7516 2121 8543 1865 8466 2872 6288 9664 484 4267 
17
3692 352 8552 6447 8404 6760 5112 6741 6578 5080 1887 7707 7679 1945 8635 9967 8482 
7
9035 3328 7057 2614 4440 1626 7746 
12
7850 1585 981 9539 2614 2123 6004 7631 1203 2428 6236 7912 
9
3254 927 5272 9213 6194 2639 1989 6663 6491 
9
6267 2771 6768 5511 8994 6547 8427 5849 1495 
12
5470 2637 2833 932 8181 7181 9768 6151 1279 874 3152 2761 
8
5763 7636 2091 1876 8660 5755 2481 558 
19
6989 7763 3029 2836 7878 2193 8339 5455 2958 717 7466 9912 30 79 9804 6213 2606 4861 1872 
17
2623 5359 9544 5904 8310 6854 5157 5933 3707 9486 7158 9324 8848 6097 1569 9596 6981 
15
7088 1298 307 6465 366 6895 6610 4656 6299 3018 5178 2765 682 6275 4475 
9
4565 8160 7977 5956 6937 4143 6018 9066 4700 
11
1394 6164 260 7054 5603 8103 5175 8881 5877 901 9822 
19
5964 176 1238 1447 3123 2877 1832 9464 6903 6046 9874 3050 786 799 1586 2298 4085 612 6862 
16
473 7542 1853 5773 4800 4352 5828 2273 657 8105 6451 832 7370 2685 7764 6172 
8
1206 4819 1520 3000 8186 2924 9988 5772 
15
1356 7026 6021 9056 1838 6944 9811 6341 7088 9203 1024 7534 3816 8863 9287 
9
8130 2283 9699 7394 5265 1029 9631 7000 1673 
14
6108 6868 5045 4653 544 5161 3594 7032 607 65 3217 9763 8750 3559 
9
8481 3690 3047 917 8877 8232 7294 1781 2377 
9
6446 5858 9486 4883 9860 5159 9953 2966 2695 
11
12 7967 8344 2309 762 8165 3888 2897 131 6281 8631 
10
326 3093 237 9015 3638 1393 9113 2681 8583 1025 
9
9250 3787 9433 886 3695 9074 1600 4781 4454 
13
802 1880 7249 6005 6673 3521 7247 8083 3408 6288 3843 3829 9076 
14
6923 4170 4364 2917 2149 6902 9244 8160 9733 9572 3893 6390 9338 434 
10
8571 9898 3169 511 5207 6120 9969 3232 4331 8344 
15
7837 8216 2610 2975 229 2944 4862 3301 5906 3456 584 363 1599 515 2796 
17
2053 1151 9113 882 4153 5758 3524 4514 5573 3295 4054 7139 4211 4773 2323 3693 8408 
18
4574 8090 3919 3757 2521 5740 1708 2650 7159 4585 3710 5928 4056 2102 9250 8533 9035 2630 
11
6620 9169 7184 8308 6090 8150 5237 2184 3547 7810 8736 
20
5617 9669 4218 2518 8923 2339 630 2787 617 1610 6829 838 4259 3596 8968 184 4554 4682 9617 3216 
19
2138 297 2013 5685 2367 8258 1562 3118 1240 4879 6324 9110 1743 4623 4246 1495 7405 6889 7075 
15
2713 9698 5370 8676 2303 9373 126 1582 6163 8237 892 7910 5346 6409 4387 
