767 855 983 1072 2447 2569 2922 3838 4837 5537 5943 6525 8440 9098 9702 
368 419 609 623 1007 1355 2050 3047 5500 6584 6791 7169 7463 7854 7939 8344 8569 8996 9997 
1455 1864 2085 2090 3312 3635 3758 3989 5155 5398 5587 6140 7341 7680 8526 8742 9582 9979 
1382 2658 3423 3994 4522 6307 8475 8545 
1266 1311 1323 2432 2605 4031 5466 5671 6284 7987 
277 1424 1547 1645 2714 3032 5788 6229 8299 8893 9748 
433 1192 2060 2627 2635 3036 3898 4037 4659 5202 5206 5555 6532 7021 7673 7957 8274 9520 9632 
551 909 1173 1580 1688 2733 2943 3126 3280 3929 4413 4738 6132 6828 8313 9288 9313 9757 9896 
1925 2376 3974 4501 6139 6214 6382 7040 8922 9541 
1722 1860 2447 2456 2882 3281 3389 3821 6586 6645 7231 7849 8038 8216 8574 8666 8901 9295 9879 9933 
112 2841 3407 3768 3986 3993 4182 4269 4683 4978 5049 5580 5679 7023 7954 7994 8094 8143 8261 
616 702 1723 2051 2320 4816 6502 7081 7784 8044 8696 9433 9958 
256 455 2171 3794 4392 5799 6098 6844 8416 8959 9859 
302 1091 1356 1546 3410 4123 4160 5303 5637 6236 8217 8377 8833 9466 
15 1482 2020 2208 3955 4097 6177 6582 6784 9732 
834 3648 3669 4971 5575 6417 7263 7465 9732 9876 
104 138 700 711 794 1531 3254 3335 4213 4330 4521 5091 6000 6040 7053 7918 8089 8674 8790 8917 
1257 2357 3524 3528 3871 4841 5635 6910 8561 8902 9254 9686 
421 620 1229 2023 2336 2337 2468 4701 5193 5478 5599 6168 6747 8433 8516 8763 8883 9065 
215 1237 2428 2606 3390 5271 5469 7383 7895 8209 8702 9515 9579 
576 2943 3317 3881 3895 4212 5049 5147 7042 7238 8718 9900 
810 1028 3558 6087 7598 7606 7838 8013 
17 140 334 948 1315 2888 3507 4827 5558 6435 6751 7521 8764 8846 8853 9093 9287 
283 459 1447 1929 1941 2891 3062 3142 3617 3988 6093 6503 7215 7252 8664 9478 
1406 1620 1733 2747 4710 5320 5370 9342 9638 
659 2297 4049 4782 4894 4968 5270 6309 7236 8046 8360 8755 8902 
1001 1561 1719 1864 1902 2169 2465 2495 4746 4874 6491 7588 7617 8062 9099 9612 9871 
806 1421 1576 1768 1897 1919 3526 4751 5177 5557 6407 7300 7519 7890 8165 8959 9617 
320 1721 1997 2457 3981 4596 6081 7409 7489 9871 
1335 2343 2385 3215 3289 3331 3707 4430 5405 6454 8135 8280 9008 
1015 1221 3788 3940 6128 8595 8699 
62 96 922 1750 2206 2413 4268 4727 4924 4966 5165 5723 5855 5917 7039 8711 9566 9774 9934 
252 258 390 776 2346 2717 4633 5056 5942 6441 7373 7531 7819 8809 9145 9213 9624 
555 673 1190 3033 3369 3865 3994 4787 5149 6006 6138 6620 6709 6923 7225 8100 8578 8841 9439 
432 1354 1657 2327 2665 4727 5005 5009 6829 9322 
1765 2069 2087 2294 3843 6393 7628 7937 
33 237 519 932 2190 3016 3055 3272 5049 5127 5533 5693 6236 6448 7177 8297 9618 9928 
148 2922 3473 3500 4256 5280 5290 5777 6434 6525 7268 7564 8028 8219 9458 9580 9667 9908 
365 636 648 1184 1416 1704 2004 4182 4774 4826 5045 5969 6877 7047 7903 7940 8921 9159 
484 688 1266 1757 2135 2314 2319 2816 3618 4203 4867 5168 5316 6378 6457 7513 8203 9590 9712 
348 1935 2654 5212 6641 8322 9462 9661 
302 1197 2316 4204 4659 4742 5133 6493 7033 7180 8657 9963 
408 915 2944 2959 4595 5070 5501 5689 6055 6292 8579 
2142 2524 4185 6747 7512 7655 8988 9243 9316 
723 1892 2185 2656 2725 2776 2798 3149 3167 3213 3387 4471 5266 5432 6059 6076 6210 7392 8188 9561 
2592 2786 4149 4684 6675 6751 6921 8288 9503 
569 1489 2025 2466 2584 3238 3277 4155 4630 5406 6600 7133 8438 8677 8692 9095 9221 9739 
1344 1814 2639 6080 6205 6406 6604 8988 
131 606 683 1565 1583 1726 1851 2327 2380 2445 2770 3607 5228 5247 5282 5434 8054 8679 9150 9470 
1176 1244 3814 4330 4387 7559 8123 8253 8351 8362 9992 
490 1713 1910 1973 2127 2471 3670 4620 5234 5499 6111 7705 7892 8127 8466 9150 9603 9643 9657 9862 
265 1186 1625 1965 2951 3146 4187 5074 5652 5830 8212 9018 9302 
208 395 1033 3998 4177 4316 5646 5718 6582 6798 7548 7937 8584 9591 9817 
475 1443 2167 2594 3452 4442 4700 4758 6731 7556 8564 8926 9186 9412 
1224 1845 2386 2787 3246 5058 6281 6877 6880 9635 9738 9980 
548 1134 1203 2930 4329 4383 4444 5566 6595 6978 7283 8255 8288 8732 9289 9480 9942 
34 674 2070 3992 4006 4768 5020 5981 7997 8538 8547 8654 
116 1806 2757 2916 3988 3996 4830 4959 6147 7142 8264 8919 9191 
196 1229 2553 2989 3133 3164 4200 4943 5943 6521 6942 7491 7755 7805 8261 8620 8948 9740 
3532 3672 5669 6350 7149 8400 8675 8765 9697 9871 
2294 3272 3490 3687 5456 7215 8986 
97 2842 2968 4418 5404 5435 5620 8525 9602 
1162 1185 1324 1477 1503 2193 2926 3003 4304 4314 4453 5096 6370 7077 7788 8469 8645 8740 9534 9658 
333 440 690 1241 1345 3935 4246 5568 8442 9055 
702 1047 1688 2509 2611 4120 5143 5276 5876 8688 9316 
667 966 2092 2440 2759 3640 4200 4794 4968 5306 7512 7697 9144 9154 9732 
609 1257 3452 3596 3697 3712 4310 5169 5782 6215 6316 6877 6890 7339 8358 8628 8879 9895 
1310 2141 3443 3927 3974 7732 9345 
716 2102 3542 3669 3870 4788 4968 5033 5601 5692 5995 6017 6992 7962 8013 8592 8664 9839 9882 
391 1689 1799 2015 5758 6507 7280 7981 8734 8850 
3795 4477 4504 4851 5420 6457 8977 9371 
43 556 626 753 2075 4474 5322 5533 5576 6729 7007 7764 8232 8341 8651 9092 9168 9372 
1217 1502 2433 2835 4474 4626 4988 5025 5033 5120 5235 5411 5809 6956 
369 1126 3664 4300 6422 6650 7069 8791 9042 9601 
982 1333 1432 1991 3298 4044 4495 6000 6187 6192 6759 7660 7784 8332 8521 8646 8972 9191 9237 9736 
189 375 717 770 1770 2535 3393 3804 5616 7447 7680 9692 9784 
378 1112 1531 5188 5631 7965 8002 8886 9152 9544 
2987 3571 3915 4678 6290 6920 6976 7662 9452 
1715 1929 4085 4762 5726 6945 7754 9866 9867 
40 238 512 1072 1357 1363 1811 1845 2093 2157 2977 4391 4883 5812 5850 7013 7071 8628 9297 
244 1305 1616 2570 2909 3746 4153 4350 4539 4840 5444 6030 6417 6558 6573 6615 7704 8843 
321 1975 2270 2504 4209 4696 5688 6029 6367 7274 7542 7926 9158 
294 2041 2120 2906 4376 4734 5723 5750 6145 7771 7811 7968 7970 8539 8684 9497 9636 
123 262 1675 2637 2742 3459 3798 4160 4458 4533 4658 4813 6506 7309 8002 8595 
176 3047 4518 5904 6129 6280 7930 8779 
928 1597 2534 3386 5857 7452 7731 
240 575 1101 1182 1563 1647 3420 3933 4256 6011 6734 6922 7172 7828 8082 8210 8880 9090 9884 
3008 3228 3267 4500 4688 5328 5471 5705 6242 7923 8077 8326 8988 9348 
1408 2428 2704 3366 5334 5487 8302 9488 
31 146 621 679 1704 1847 2484 2870 4439 4964 4977 6660 8254 8288 8675 8708 9369 9606 9892 
392 613 764 799 1312 1417 1522 1544 1589 2109 2564 2711 4245 4341 5015 5204 9060 9496 
1485 1551 3276 3834 6617 8524 8569 9312 9493 9574 
1025 1384 2126 2138 3331 3848 4711 7205 8008 8174 8715 9142 9222 
1785 1934 4471 6064 6164 6384 7009 8017 9328 9544 9637 9888 
1137 1298 3722 4439 6279 7050 7697 7739 
190 1409 2040 2233 4527 4956 4971 7961 8491 9305 
76 628 1425 2561 3056 3155 3186 4638 4813 4925 6245 6309 7200 7463 7948 8345 8444 8847 8990 9009 
334 752 789 2162 2937 3663 4056 5824 7234 7754 7917 8322 9098 
1704 2626 3537 4495 5071 6045 6155 6541 7098 7320 7675 7683 7766 7846 8544 9954 
530 679 1491 2906 3907 4095 4102 4139 5536 5893 6731 7023 7617 8339 8622 9094 9118 9259 9498 
