9794 8810 8629 8023 7765 7681 6859 6573 5213 4831 4457 2749 2150 2080 
9695 8968 8459 8400 8398 8044 7602 6542 3541 3289 2670 1676 1601 368 235 
8568 5802 4933 2315 1775 470 149 106 
9795 9743 9635 9148 9011 8763 8446 7791 7442 6962 6285 4423 3620 2750 2165 
9684 9389 8950 8480 7468 7228 6688 6418 4685 4279 1830 1362 961 
9265 8521 8427 7969 7744 7394 6541 4169 3527 3148 3087 2410 1712 817 581 
9867 9697 9654 9330 7627 6328 5777 4645 4533 3409 3264 2344 2336 2074 1648 1486 758 296 63 
9934 9818 9020 7993 7719 7140 6957 6377 5725 5246 5136 5075 4156 4098 1307 1085 1077 958 941 
9518 8015 4629 4199 3410 3123 2653 2053 1731 415 
9090 8915 8868 8287 6872 6686 6606 5944 5538 4944 4075 3205 3003 2449 2330 2090 1140 946 601 
9479 9014 8359 7039 6789 6500 5296 4914 4436 4244 3992 3388 3060 2945 2429 2366 2074 984 
7858 7673 6062 5012 3974 539 362 
9651 6014 5163 4241 3689 2621 2185 1786 1123 961 
9458 9053 8739 8729 8525 7836 7797 6438 6434 6050 5835 2346 861 766 431 175 
9619 8515 7811 6721 6326 6175 5331 5230 4994 4837 4000 3147 2342 1153 356 325 
9338 8606 7752 7471 5334 3745 1961 
9095 8719 7465 7391 7388 7303 6029 5556 4495 3965 3688 3065 2519 1554 377 
9031 8252 8039 7591 6988 6966 6745 6311 5620 5137 4867 4652 4405 3009 2892 2497 
9351 8358 4575 1650 1578 793 792 
6175 4063 3989 2101 1741 1576 1546 
9988 9639 8724 8690 6005 5880 5537 5444 4878 4658 4349 3158 2306 2269 2056 1358 1234 1146 
9565 7983 7877 7872 7266 7114 6766 6404 5281 5224 2899 2589 1831 1125 1065 920 742 
9741 9363 7382 5966 5912 5434 5115 4263 3290 3175 3014 2559 1962 1949 1829 1804 166 
9324 8303 4756 3618 3033 1418 980 779 
9865 9765 8621 7428 7018 6075 5537 4608 3354 2842 1627 1253 262 
9961 9829 8064 6706 5498 4073 3808 3441 2495 2414 1301 
9958 8831 8347 8329 8263 8217 6795 6639 4637 4421 4365 4073 4059 3671 3604 2405 851 839 428 279 
7756 7020 6917 6430 6229 5209 5003 4748 4269 3993 3812 3079 2648 2236 1852 1078 751 138 
9672 9199 8988 8054 7680 4511 4077 3747 2570 1724 613 447 
9137 8593 8046 7924 7824 7708 5123 4790 4651 4605 4063 3680 3023 1371 994 651 636 
6968 6747 6302 5805 4874 4258 4125 3335 3254 3169 2635 2098 2093 1044 
9942 8566 7064 6865 6264 6010 4562 4449 4280 1857 1443 1073 328 130 
8655 6012 5893 5547 3938 3740 2912 1275 
6926 6865 5882 4789 3960 2670 2135 
7604 6134 5530 4105 3687 2364 1433 
9892 9331 3379 2713 2458 2160 558 264 
6105 5769 4547 4377 2642 2556 1826 1160 
9759 8940 8620 8440 8308 7321 7283 6032 5628 5500 4871 4650 4025 1848 1705 1631 1396 347 183 
8403 7696 7288 6265 6095 5853 4994 4903 4634 4173 2313 1782 1316 1082 960 768 700 607 
8936 8258 7959 7930 6171 5812 5638 5477 4293 2431 1914 1598 629 358 
9621 8331 7667 7241 7044 5112 4818 4712 1746 634 
9869 8192 7711 6911 6626 4478 1902 1686 1295 84 3 
8955 7190 6875 4141 3413 2352 1026 
8897 8703 7717 7594 7457 6921 6839 6772 6767 5355 4497 4346 3646 3123 1451 1100 749 36 
9808 8152 7929 7710 7522 7211 4922 4752 4050 3873 3416 1823 1750 1557 556 
8770 7515 6993 6142 6084 5293 5273 5249 4801 4016 2596 1509 1346 1035 928 464 
9113 8855 8756 8429 7879 7786 7670 6517 6061 6038 5903 4109 3964 3237 3117 2493 2074 1056 266 
9953 9278 8982 8807 8565 8293 7444 6553 5949 5865 4456 4157 3962 3087 2261 1732 1170 1101 640 59 
7302 6914 5053 3720 2718 2316 2306 1968 1671 1522 
9898 6855 6847 6792 5598 5034 3676 1336 660 
8437 7046 6602 6059 5441 4513 3676 3440 2587 2396 1426 1071 1066 736 132 104 
9655 8719 8521 7870 7701 7367 6597 6399 6348 6209 5181 5025 2981 1794 1649 1600 125 
9866 9611 9293 8710 7984 7776 7577 5663 5304 5266 4315 3827 3716 3644 2793 908 719 111 54 
9379 9107 7829 7361 7258 6989 6974 6645 6027 5954 5440 4429 3880 3504 2820 2556 2086 1977 888 
9624 9204 7828 7441 7388 7312 6306 6086 5676 4968 4898 4772 4595 4101 2900 2762 
8138 7797 5924 5802 5727 5451 4674 4547 4070 3875 3078 2867 2564 1688 1636 1172 917 297 
9679 9637 8549 8515 8423 8316 7564 7488 7335 6525 5126 5114 5082 4782 4016 3784 3543 2070 1058 13 
9867 8666 8193 7231 6654 5273 4583 4484 4300 3351 2926 2642 2245 1713 1458 1192 885 107 66 
7188 6302 5751 5644 3780 3704 3236 2627 2317 1790 1551 
8132 8054 7823 7186 6844 5781 4238 4031 3661 2625 2363 1743 1284 993 
6786 5251 5087 4504 3143 1677 754 158 
9799 9113 7975 7729 7695 7118 5171 4973 4779 4550 4548 2141 707 327 235 178 
9870 8747 8362 8146 8065 7890 7277 7177 7034 6327 6140 5521 5124 4923 4803 4678 2527 2301 2079 
9785 8080 7448 6803 5636 5569 4593 2385 1095 897 814 122 
9159 6733 6555 4765 4343 2846 2561 2295 
8946 8443 7763 7578 6536 5105 4427 3719 3423 2892 2600 2147 1838 1400 985 
8685 6511 5274 4002 3992 3284 1116 260 
9099 7819 6952 6221 5301 3717 2957 1506 1204 1097 1022 876 689 678 
9702 9574 8448 8137 7767 7472 7102 6827 5970 5757 5654 5062 4307 3865 3550 1336 754 717 702 
9977 9831 9264 7332 7261 6150 5943 4332 3852 3732 2950 2889 2717 1888 310 
7507 7329 6989 5952 5935 5364 3918 3748 3682 3592 2954 2567 1124 1068 679 238 46 4 
8929 8687 8298 8192 8115 7591 7389 7279 4786 3293 3145 1846 658 
8607 7464 6870 6767 6717 6330 4960 4865 4857 4599 4430 4178 1469 1335 1205 625 287 22 
9178 8909 8672 7578 6817 6224 5964 3451 3291 1854 1253 1119 1042 165 
9476 8726 8563 7196 6033 4902 4452 3310 2910 2371 254 
9591 8274 7094 6532 3154 2725 951 412 
8001 7788 7616 6824 6588 2575 1693 1207 
9402 9328 8695 8222 7921 6822 5304 4789 4505 4122 3492 2477 2470 2284 1698 1276 821 
8930 7201 7010 5183 5160 5124 4798 4385 4008 3996 3675 3529 3363 2349 2112 2005 1287 766 
9146 8992 8359 8352 7705 6820 6595 6298 6040 6003 5982 5923 5493 5259 4897 2054 1614 1000 767 668 
7656 7421 7303 6445 6128 5277 5075 2188 1961 1640 1048 
9656 9368 9212 7523 6139 2754 1543 249 
7977 7801 7541 6983 6037 3283 2654 
7435 6585 5697 5431 5184 5028 4959 4146 3087 3051 2563 2508 1508 
9540 9380 8317 8131 8004 7901 7877 7173 6690 5858 5754 4998 4489 3645 2479 2244 2031 636 
7475 7246 6688 6340 6163 4761 3835 
9671 9296 9059 8696 8624 8606 8216 7640 6701 6667 5927 5690 5462 5314 3791 1379 72 
6669 5911 5541 4508 3459 2253 1419 794 511 460 
9638 9089 8909 8720 8671 8351 7258 6688 5643 4348 4167 1540 1247 577 312 182 172 112 21 
9843 9582 9459 9310 7409 5867 5625 5453 5295 5057 4736 4573 3133 2315 2113 1886 1137 752 19 
9875 8490 8385 7106 7074 6964 5927 5686 5409 5203 4526 3417 2619 2470 1977 1585 268 
9834 9827 8781 8614 7889 6006 4487 4462 3524 3410 3155 2280 1940 1900 1517 973 781 114 
6599 6511 6442 4608 4346 4334 2525 472 41 
8846 8149 6976 5293 4684 4446 4320 3360 443 
9844 9175 7910 7697 7347 6412 4158 3829 3067 1928 1736 32 
7795 6091 6041 5692 5159 4240 3852 1905 1479 
9253 9121 7527 6573 6474 4718 4662 4089 3607 3543 2737 2680 1617 1511 1081 179 172 
9836 8914 8070 8058 7609 6923 6780 5929 5533 4198 4003 3976 1714 1096 898 532 31 
9840 8776 8397 8004 7916 7513 6953 6823 6087 6067 5768 4822 4401 4268 3858 3854 3755 2915 2178 
9807 8782 8565 7762 6603 6212 6038 5890 5590 4883 4659 4446 3972 3799 3693 2750 2496 2473 1017 989 
