100
14
9794 8023 4457 2080 4831 6859 8629 5213 8810 2150 2749 7681 6573 7765 
15
8044 3541 2670 235 8968 8400 7602 9695 8459 8398 3289 1676 368 6542 1601 
8
5802 4933 106 1775 470 149 2315 8568 
15
2165 9011 9635 8763 6285 2750 9743 9148 8446 7791 6962 4423 9795 3620 7442 
13
7228 4685 8950 6688 9684 9389 1830 1362 7468 4279 961 8480 6418 
15
581 6541 3087 1712 7744 3527 7969 8521 7394 8427 9265 817 3148 2410 4169 
19
758 2074 296 4533 2344 63 9867 9697 2336 9654 1486 4645 9330 3409 5777 1648 7627 6328 3264 
19
9818 7719 6957 5246 5136 4098 7993 941 958 1085 1307 6377 9934 7140 1077 9020 5075 4156 5725 
10
4629 4199 2053 9518 3123 8015 415 1731 3410 2653 
19
9090 8287 601 3205 3003 2090 6686 6606 2330 4075 8915 8868 4944 5944 6872 1140 2449 5538 946 
18
3060 6500 4244 3388 2429 2945 9479 4436 984 6789 2074 8359 2366 4914 9014 7039 5296 3992 
7
362 6062 5012 3974 539 7858 7673 
10
3689 5163 1786 2621 2185 4241 9651 961 6014 1123 
16
8525 6438 8739 7836 861 9458 5835 2346 9053 8729 7797 431 175 6050 766 6434 
16
4837 8515 4994 6326 1153 325 3147 6721 4000 356 5331 9619 5230 7811 6175 2342 
7
9338 8606 7471 7752 5334 1961 3745 
15
9095 377 3965 3688 2519 7391 7303 4495 7465 8719 5556 6029 3065 1554 7388 
16
6311 3009 8039 6988 5620 4405 2892 6745 6966 4652 2497 8252 5137 9031 4867 7591 
7
4575 792 1578 793 8358 1650 9351 
7
1576 1741 1546 4063 3989 6175 2101 
18
9988 8724 6005 4658 8690 5537 4349 2056 2306 5444 1234 2269 9639 1146 3158 5880 1358 4878 
17
2589 7114 1065 5224 742 1125 7872 9565 1831 7983 6404 6766 920 2899 5281 7877 7266 
17
1804 4263 7382 1962 3290 5912 5966 3014 2559 5115 1829 9363 3175 1949 5434 166 9741 
8
980 8303 779 3618 1418 3033 9324 4756 
13
1627 8621 9765 9865 262 6075 2842 4608 7428 3354 5537 1253 7018 
11
4073 3441 9829 1301 2414 6706 5498 8064 2495 9961 3808 
20
4365 6639 6795 2405 8831 4059 3604 8217 851 279 4421 428 4637 4073 839 8329 8263 3671 9958 8347 
18
5003 751 3993 6917 138 3812 2648 5209 3079 2236 7756 7020 4269 1852 6430 6229 1078 4748 
12
447 9672 1724 3747 8988 2570 7680 8054 4077 613 9199 4511 
17
4063 8593 4605 4651 9137 5123 3680 8046 7924 994 3023 651 636 4790 1371 7708 7824 
14
5805 6968 2635 2098 4258 3169 4125 2093 6302 4874 1044 6747 3335 3254 
14
6264 6865 8566 328 4562 6010 130 1443 1857 7064 9942 4449 4280 1073 
8
3740 8655 5547 1275 3938 6012 5893 2912 
7
2670 4789 2135 6926 3960 6865 5882 
7
2364 6134 7604 4105 3687 1433 5530 
8
2160 9892 2713 3379 264 9331 2458 558 
8
2642 5769 1826 1160 4377 4547 2556 6105 
19
183 1705 8620 5628 1631 1396 5500 4025 347 4650 1848 6032 8940 8440 4871 9759 8308 7321 7283 
18
7288 768 6265 7696 4994 1782 4903 4173 700 8403 4634 1316 5853 1082 960 607 2313 6095 
14
358 7959 7930 4293 629 5477 8936 8258 1914 2431 5638 1598 5812 6171 
10
4818 5112 1746 7241 4712 8331 634 7044 7667 9621 
11
4478 3 7711 8192 84 1295 6626 9869 6911 1686 1902 
7
6875 4141 8955 3413 7190 1026 2352 
18
7717 4346 8897 1451 7457 36 6767 7594 4497 6839 3123 1100 5355 6921 3646 749 6772 8703 
15
1823 4050 9808 3873 3416 556 7522 8152 4752 7929 4922 7710 1750 1557 7211 
16
5293 6993 2596 8770 4801 6142 1346 5273 1035 928 464 1509 4016 7515 6084 5249 
19
3117 4109 9113 2493 266 8855 7879 7670 1056 7786 2074 3237 6061 8429 8756 6038 6517 5903 3964 
20
5865 8807 1101 3962 4456 7444 1732 5949 9953 6553 8982 59 2261 3087 1170 640 8293 9278 8565 4157 
10
2316 7302 2306 2718 1671 1968 3720 5053 6914 1522 
9
6847 5598 6855 9898 3676 1336 5034 660 6792 
16
7046 8437 104 1426 132 4513 3676 2587 2396 3440 5441 1066 736 6602 6059 1071 
17
6597 7367 6399 7701 5025 1794 125 7870 6209 1600 8521 9655 5181 6348 2981 8719 1649 
19
5304 7984 4315 5266 7577 9866 3827 111 908 8710 3644 719 5663 9293 9611 7776 54 3716 2793 
19
4429 2556 3880 6027 3504 7258 6974 5954 1977 2086 5440 9379 6645 9107 6989 888 7361 2820 7829 
16
2900 7828 7312 4595 7441 6086 6306 4898 4101 9624 2762 9204 5676 4772 4968 7388 
18
3875 5924 8138 4070 5451 2867 1688 5727 1636 2564 297 3078 5802 917 4547 4674 7797 1172 
20
2070 3784 8316 5126 9637 7335 8423 8549 3543 5114 5082 1058 4782 6525 7564 9679 7488 4016 13 8515 
19
2642 2245 4484 1713 1458 66 3351 2926 6654 4300 107 1192 4583 5273 885 7231 8666 9867 8193 
11
1551 6302 3236 2627 3704 5751 5644 1790 7188 3780 2317 
14
4238 7186 993 1284 1743 5781 8132 4031 2363 6844 7823 8054 3661 2625 
8
754 4504 5251 158 1677 6786 3143 5087 
16
7729 178 7695 4973 9799 7118 327 9113 2141 4548 5171 4779 707 235 7975 4550 
19
2079 7890 2527 5521 4803 8747 4678 8362 7034 4923 2301 9870 8146 6140 6327 7177 5124 8065 7277 
12
897 814 7448 4593 1095 122 2385 6803 8080 5569 9785 5636 
8
2846 4343 6555 6733 9159 4765 2561 2295 
15
6536 2600 2147 7578 1400 3423 4427 7763 985 3719 1838 2892 8946 8443 5105 
8
5274 4002 8685 3992 6511 3284 260 1116 
14
9099 1022 1506 1097 6952 876 2957 5301 678 3717 1204 689 7819 6221 
19
717 6827 7472 5062 4307 5654 1336 3865 3550 702 9702 5970 7767 9574 7102 5757 8137 754 8448 
15
2889 9264 4332 1888 3852 3732 7261 7332 2950 6150 9977 2717 5943 9831 310 
18
5952 238 1068 5935 7507 3918 679 6989 7329 5364 1124 3592 2954 46 3748 4 2567 3682 
13
4786 7389 8115 3293 658 1846 8192 8687 8298 7279 8929 3145 7591 
18
22 1335 4430 287 4960 4178 6767 6870 6330 4599 7464 4857 1205 6717 4865 1469 625 8607 
14
1253 3451 6817 8909 165 1119 7578 8672 5964 6224 1854 3291 1042 9178 
11
9476 254 7196 8563 2910 4902 2371 6033 8726 3310 4452 
8
412 9591 6532 3154 2725 951 8274 7094 
8
7616 1207 6588 2575 1693 7788 8001 6824 
17
3492 1698 7921 8695 2284 4122 1276 9402 6822 4505 4789 2477 8222 9328 5304 2470 821 
18
3996 7201 2349 766 4385 2005 7010 2112 3675 4008 5124 8930 5160 1287 3363 5183 3529 4798 
20
6040 6820 5982 668 1000 5259 5493 8992 2054 6298 767 1614 4897 5923 8359 6003 6595 8352 7705 9146 
11
6445 1048 5277 7303 5075 1640 1961 7421 6128 2188 7656 
8
9368 6139 2754 1543 7523 9212 9656 249 
7
2654 7801 7977 6983 7541 6037 3283 
13
2563 4959 5028 4146 6585 5697 3087 1508 5431 3051 2508 5184 7435 
18
8131 4489 9540 7901 3645 7877 8317 8004 2479 2031 5858 2244 7173 4998 6690 9380 636 5754 
7
7475 6163 6340 4761 6688 7246 3835 
17
5690 5927 9296 6701 5314 9671 6667 72 8606 9059 8624 3791 7640 5462 1379 8216 8696 
10
460 3459 794 5541 2253 6669 1419 4508 5911 511 
19
4348 5643 312 7258 6688 172 577 8720 182 8909 1540 8671 9638 21 8351 9089 4167 1247 112 
19
752 2315 2113 9843 3133 5295 4573 5867 19 9459 4736 5453 9310 9582 1137 5625 1886 7409 5057 
17
268 3417 2619 7106 1977 8490 2470 5409 5686 8385 9875 5927 6964 1585 7074 5203 4526 
18
3524 9834 8781 1900 114 781 6006 3155 4487 1517 1940 973 3410 4462 9827 8614 7889 2280 
9
2525 472 4346 6511 6599 41 6442 4334 4608 
9
4320 6976 3360 5293 443 8149 4446 8846 4684 
12
1928 3829 4158 6412 7347 9175 9844 32 1736 3067 7697 7910 
9
4240 6041 7795 5159 1905 3852 5692 1479 6091 
17
1511 6474 9253 1081 6573 1617 172 2737 4718 9121 4662 7527 3543 4089 2680 3607 179 
17
532 6780 1096 4198 5533 8914 8058 4003 3976 7609 1714 6923 8070 898 9836 31 5929 
19
3755 5768 6953 8004 3854 3858 6087 6067 8397 4401 9840 2915 7916 4822 7513 2178 6823 8776 4268 
20
2496 6038 3799 3693 6603 7762 4446 1017 989 5890 2473 9807 3972 4659 4883 6212 8782 2750 5590 8565 
