100
14
7836 6867 1306 8605 8553 3951 6676 9511 4382 3129 1330 9144 3148 8382 
17
4221 6567 8531 9860 8481 8182 552 9556 6030 5885 973 5439 2460 3837 922 1785 6733 
9
2006 1325 5248 3360 3015 6784 3521 2942 7593 
17
3737 3573 7374 2055 5190 3022 4483 2209 4277 1583 4168 4771 5651 7947 6500 9459 5309 
10
1408 5168 7157 8502 6183 900 3779 4030 6409 1654 
8
8127 920 3811 1819 5801 5537 7472 892 
17
2782 7880 136 1707 1765 8406 1 5371 9200 3210 9444 595 7528 7961 7904 6026 1117 
19
7184 6026 1816 9802 2973 4641 2953 7701 6855 8854 18 9143 5285 2430 4469 3113 3059 837 2191 
19
838 4272 5735 1181 3444 67 2732 4284 5771 3697 239 806 5534 8635 315 8266 2853 5000 9602 
11
2451 4350 8528 9315 1555 628 5778 5268 7342 4572 3129 
10
4902 1209 1007 7681 6726 4884 2334 1550 4113 8176 
10
1231 1885 2800 550 8335 2682 8913 7822 4795 6394 
14
6164 8826 1874 4516 2353 3072 6007 1308 2107 6380 4513 4645 8436 7266 
11
1505 1755 1360 1573 5628 2076 1532 8971 7896 4809 6408 
20
1319 4744 7444 1323 2099 5238 2053 8790 1423 2290 2770 175 8215 799 4680 3817 6788 8612 5803 3373 
10
4219 7893 772 6904 322 4682 9201 724 2901 8602 
12
8218 8137 884 3719 6494 9188 8853 9969 6383 1824 2744 9152 
9
2547 1159 1202 5730 2073 4958 9742 5953 8058 
17
6157 1881 3722 3062 6574 2633 5260 8473 3123 2437 8330 9242 8619 5508 1582 5894 9841 
16
3262 7197 8037 7984 1907 8118 8421 581 3972 7473 8836 2205 6751 8894 1926 736 
11
4771 6728 4610 8329 1556 2748 5998 2469 5249 5416 6307 
14
524 9136 1009 7404 5234 9840 2760 3150 8771 4150 9311 9619 8236 2166 
17
9481 1066 7210 6720 9488 1245 9750 4476 7175 7558 6424 5221 5062 6167 9095 4210 5119 
14
3276 7268 359 6923 659 6645 6428 5927 4169 4176 6393 9623 6548 6852 
17
395 7025 2123 2381 3950 7719 54 5163 851 6432 498 2031 245 3632 9332 1606 3611 
11
7795 8213 2230 9721 7989 7522 2807 9306 1781 2587 6911 
15
1682 4615 2760 5487 8520 8850 1835 3181 166 7451 8459 6749 8437 7532 4602 
8
7645 3106 4663 3549 6953 9207 146 9440 
11
7284 9561 3403 2058 7255 8930 6848 5760 7962 9103 6307 
17
1263 7561 4337 3783 1579 1603 3802 1974 6244 4686 9219 9300 649 9370 3269 9383 6161 
7
7021 7040 5815 8424 3273 435 5476 
17
5107 3522 4100 3492 2481 4239 7298 9578 9510 9122 1003 4433 6802 8096 8094 3226 2497 
19
7704 9670 8174 2702 9232 1719 3308 7018 282 3152 1178 6796 3907 6004 4680 4348 9592 5470 4387 
12
5960 550 1936 8163 4946 3002 7359 3638 1547 2484 8643 1912 
17
8998 2200 950 5164 9872 5329 8153 715 7316 6629 4258 1418 4935 5591 2372 8274 9501 
8
1111 11 3458 1185 2737 7655 9885 1456 
8
149 565 8531 8578 3513 2389 7455 6372 
19
4821 9123 8376 9064 8808 150 62 2616 7581 567 5516 3981 7670 295 7142 3043 9281 194 2300 
13
4866 4535 3140 6471 8484 44 6484 7374 5924 5718 8234 7865 3085 
16
2826 4525 9363 9838 2853 7619 9637 4110 2786 6143 518 7413 7873 8682 511 5831 
19
3835 6078 5070 2491 7810 1703 6145 7989 800 7813 9465 4118 3392 7985 2036 4642 5759 324 3234 
10
2197 7894 4561 944 3236 9002 7903 5538 6042 3067 
10
1310 4228 2808 9428 9243 5397 3603 4769 2655 8731 
10
2300 3604 3964 8873 7654 1439 1629 6659 6590 5659 
8
4035 6475 2841 7197 8958 5371 5715 7912 
19
4350 122 7695 4284 3134 7295 4003 9565 3032 781 6224 3840 4883 6223 4144 2038 3457 8360 2039 
11
7354 2171 9135 5123 7669 1965 3197 4066 2595 1351 2450 
9
6765 4916 7944 576 9100 799 1063 5675 3805 
20
7934 201 3270 344 6683 4566 7855 1085 5424 6283 5251 5758 3931 8411 3811 167 7114 4589 4955 7642 
15
4772 8615 3585 5654 6221 66 126 5849 1392 2906 2467 2950 6931 7738 5893 
10
8515 1789 9988 3753 9282 3458 6617 1832 8631 3511 
15
2375 5580 5063 3140 9009 3930 8600 2075 2163 7460 4317 822 6889 9125 5443 
14
670 7035 7519 5486 7078 3194 8437 9633 5178 6505 6303 1502 8646 6741 
18
6174 2698 6399 2305 4666 8168 5934 5910 9361 611 8389 9193 3703 9535 7717 7089 959 8762 
16
1226 2707 6018 761 2319 1877 5692 8325 4708 5487 1376 763 9641 5137 9788 1428 
9
7444 7410 8677 8481 2324 9175 1256 1957 6780 
18
1702 9822 3446 2461 732 6241 7467 5365 2827 2876 6177 4184 3546 4363 5579 5887 7548 6893 
14
292 9813 3613 5896 6327 5517 3525 6776 1147 9462 2252 864 9391 3625 
20
6030 1545 1296 1024 214 8389 5003 1003 879 9774 8350 2805 2503 5415 8707 4123 6105 8571 2909 6036 
10
3812 2143 4660 8036 9820 6262 7780 8307 4379 188 
19
6887 3596 4901 5551 3945 6154 6472 4099 4199 3067 574 6254 5494 7828 9628 6678 2789 9533 72 
10
4405 8054 4038 6657 3932 4460 7362 2805 3832 5737 
18
3283 6392 3912 3768 5232 7569 6102 907 1981 6570 9263 9639 3288 440 3825 5660 2574 9491 
8
4287 6887 5195 8849 5220 8589 5683 2668 
14
293 4151 6249 7601 1038 414 5729 3389 377 2398 3653 5147 1012 9082 
7
2894 5551 7251 3863 2480 3568 7398 
7
9894 3731 2101 2916 9387 3804 8271 
18
6066 9560 7752 4237 802 9335 9589 5599 4186 6646 4276 4396 2294 5095 4350 6490 3212 7236 
15
4331 7824 1830 5064 4432 6468 3504 4159 7527 3301 363 1877 8915 9003 327 
18
7168 7663 8676 1573 7658 3917 7457 8887 6225 9092 4648 2216 1712 2614 9397 145 9223 4351 
9
9128 1348 470 7785 2248 6379 6323 9274 2109 
7
3963 3229 6596 8705 1518 7521 8236 
20
5900 9306 5913 9550 8492 6858 7037 1143 9713 7655 6839 2656 2791 3818 1003 892 7449 5052 1309 3136 
10
5739 6368 2965 1687 8477 4379 6064 5154 1311 5306 
10
5506 3972 2475 9148 6699 4507 1459 501 3317 7519 
12
6426 5039 7726 2552 3329 6085 4144 1301 833 5640 9740 9771 
11
10 5243 7469 5087 516 8945 7144 4928 219 7500 2418 
20
6453 1943 2281 1190 1218 9597 8700 5337 5250 6533 4988 930 6541 7587 1553 9314 3336 2236 6403 4016 
10
7320 3866 1047 3455 7314 330 9637 2519 4345 5487 
12
74 9820 6645 1424 4109 5339 5454 3322 8523 4387 4300 2014 
9
1675 5745 1766 8566 7049 4384 1746 2940 4814 
9
4892 8938 7147 6023 2993 3628 3192 8380 8153 
20
8586 3673 9953 8052 1418 6121 2692 4794 8840 2395 1766 9036 2958 529 7376 8310 8339 2485 8431 3216 
20
5853 7348 4422 4048 6544 4818 3984 4022 5859 7862 7547 7435 2094 7291 7837 1373 3752 2632 5707 9223 
20
1789 7092 9538 4542 8810 4278 5626 7000 1517 1296 3617 6613 2247 3411 4245 4519 6530 5978 7397 3919 
8
2416 2903 2173 9028 5849 8893 6249 1568 
15
881 942 7059 5717 6673 3039 1472 7291 9097 753 8792 5878 780 6283 170 
12
5918 2523 6418 7352 3692 6805 8682 8156 253 3373 9424 6361 
12
5820 1885 4503 5080 371 7076 9724 7873 2454 7025 870 8351 
14
9883 2975 1633 1108 16 6097 6734 9703 8626 2803 608 8839 1650 778 
8
6418 7177 7072 7290 5578 8103 5934 2908 
16
243 5299 951 7459 8750 472 1038 9960 4793 6530 2863 2167 7056 4238 6900 7505 
10
5265 3125 4602 2453 4099 7816 5208 5903 2208 7555 
14
1747 6275 280 9995 8152 4473 2180 7643 7237 1124 6860 2955 4229 5711 
10
5155 213 8637 4165 7092 2003 4988 9596 6366 2308 
15
8241 8362 8385 3939 6293 9133 6058 9408 1953 4670 705 2284 2868 9420 6274 
8
8773 6320 5499 6604 478 751 8421 3102 
9
2681 4487 4998 454 8803 5296 9572 5281 9250 
17
6644 3987 2712 9595 3321 76 7200 3984 6857 8036 399 7604 1541 8883 7406 2684 7791 
18
2571 6419 743 7434 1284 7601 9658 2622 4752 6472 7069 8223 8672 8617 428 7981 89 6151 
