100
15
9098 2447 855 983 9702 3838 4837 2569 5537 6525 1072 2922 767 8440 5943 
19
2050 419 368 7463 8996 3047 8569 9997 1007 6584 7854 7169 623 1355 5500 7939 6791 8344 609 
18
9979 3312 5398 3989 5155 8526 2090 3635 2085 7341 8742 3758 6140 5587 9582 1455 1864 7680 
8
3423 4522 6307 8545 2658 1382 3994 8475 
10
5466 2432 1311 5671 7987 6284 1323 2605 1266 4031 
11
277 6229 5788 1645 9748 1547 1424 8299 8893 2714 3032 
19
8274 7021 2635 433 5202 2627 7673 4659 6532 3898 1192 7957 5206 9632 5555 4037 2060 9520 3036 
19
3126 3280 551 1688 1580 9288 4738 909 4413 8313 6132 3929 2943 9313 2733 9896 1173 6828 9757 
10
6214 9541 6139 1925 2376 6382 3974 8922 4501 7040 
20
9933 8038 9295 9879 8666 6645 1722 8216 8574 3389 7231 1860 2456 8901 6586 3821 2447 2882 7849 3281 
19
4978 5049 7023 2841 8143 5679 7954 8094 4269 4683 3407 8261 3986 4182 7994 3993 5580 112 3768 
13
4816 9433 616 2320 702 1723 7784 8696 8044 9958 6502 2051 7081 
11
4392 5799 3794 6098 6844 2171 8416 256 9859 455 8959 
14
4160 1546 6236 1091 9466 8217 5637 8377 4123 8833 5303 3410 1356 302 
10
1482 15 2020 2208 6582 3955 9732 6784 4097 6177 
10
834 3669 6417 9732 4971 7263 9876 5575 7465 3648 
20
4213 8917 700 3335 794 711 7918 1531 5091 8674 8089 7053 3254 6040 6000 4521 104 4330 8790 138 
12
2357 6910 3528 3524 1257 5635 4841 9254 9686 8561 8902 3871 
18
2337 2468 8433 5478 421 8516 5193 9065 2336 2023 1229 620 5599 8883 8763 4701 6168 6747 
13
7895 7383 5469 9579 215 8209 1237 2606 3390 5271 9515 2428 8702 
12
576 2943 4212 3317 9900 3881 8718 7042 3895 5147 5049 7238 
8
1028 7838 810 8013 3558 7598 6087 7606 
17
8846 1315 2888 8764 9287 334 6435 5558 17 6751 7521 948 8853 4827 140 9093 3507 
16
3988 6093 3062 459 283 7252 1929 9478 7215 2891 1941 3617 6503 8664 3142 1447 
9
2747 1733 4710 1406 9638 5320 9342 1620 5370 
13
659 5270 2297 8755 8902 4782 8360 7236 4968 8046 4894 6309 4049 
17
8062 9099 1902 4746 2169 1561 9871 6491 1864 4874 7617 2495 1001 2465 1719 7588 9612 
17
7300 806 1768 7890 5557 9617 6407 4751 8959 5177 1919 1421 1576 3526 7519 1897 8165 
10
4596 320 1721 7409 6081 3981 2457 7489 9871 1997 
13
9008 2343 1335 3707 3331 6454 8280 3215 8135 2385 5405 3289 4430 
7
3788 3940 8595 6128 1015 1221 8699 
19
9774 5723 5917 8711 7039 922 9566 4268 62 1750 5165 9934 4966 96 2413 2206 4924 5855 4727 
17
776 9145 252 9624 7819 390 7373 6441 258 7531 5942 8809 5056 2346 9213 4633 2717 
19
7225 3865 673 1190 4787 3033 3369 555 8841 8100 5149 8578 6709 3994 6923 6006 9439 6138 6620 
10
6829 9322 432 2327 1354 5005 5009 4727 2665 1657 
8
1765 2069 3843 7628 2294 6393 7937 2087 
18
6236 33 9928 3016 5049 8297 237 7177 9618 3272 5533 3055 2190 519 5693 6448 932 5127 
18
148 9580 8028 5290 6525 4256 7268 5777 9667 5280 3500 9908 3473 2922 8219 9458 6434 7564 
18
636 5969 7047 365 7903 7940 9159 648 4774 6877 1704 5045 4182 4826 1416 2004 1184 8921 
19
2319 7513 9712 2314 688 6457 4203 4867 1757 3618 1266 484 8203 2816 2135 5168 6378 5316 9590 
8
1935 9661 8322 5212 6641 2654 9462 348 
12
2316 7180 9963 4742 4659 302 8657 4204 1197 7033 5133 6493 
11
408 6055 5070 4595 6292 2944 5501 2959 5689 915 8579 
9
7655 9243 2142 9316 2524 4185 6747 8988 7512 
20
2656 3387 4471 7392 2185 6076 2776 5266 9561 1892 3167 5432 6059 8188 2798 723 3149 6210 2725 3213 
9
6921 6675 9503 4684 8288 4149 2786 6751 2592 
18
4155 5406 3238 9221 569 3277 9739 2584 6600 8692 4630 8438 8677 2466 9095 7133 1489 2025 
8
6080 1814 6205 8988 2639 6604 1344 6406 
20
9150 5434 606 683 1851 2770 3607 5228 5247 1565 1726 8679 5282 2380 1583 131 2445 2327 9470 8054 
11
8253 8362 3814 7559 9992 8351 1244 1176 4330 4387 8123 
20
2471 1973 9150 4620 9603 1910 5499 1713 9862 490 3670 5234 2127 9643 8466 7892 6111 9657 7705 8127 
13
2951 1965 5074 265 8212 9302 1186 4187 5830 1625 9018 3146 5652 
15
7937 7548 6798 4177 208 4316 9591 395 5718 8584 1033 9817 6582 3998 5646 
14
4758 4700 8926 1443 475 2167 2594 8564 7556 9186 3452 9412 6731 4442 
12
5058 3246 6877 1845 2386 9980 9635 1224 6281 9738 6880 2787 
17
2930 9289 1203 4329 548 8732 9942 9480 6595 4383 8255 1134 6978 5566 8288 4444 7283 
12
2070 674 34 3992 4768 8654 4006 8547 8538 5020 5981 7997 
13
1806 3996 4959 2757 8264 3988 6147 9191 7142 2916 8919 116 4830 
18
4200 8948 2989 6521 1229 7491 8620 3133 196 9740 7805 2553 6942 5943 4943 8261 3164 7755 
10
3532 8765 9871 9697 5669 8675 3672 6350 8400 7149 
7
5456 3687 2294 3490 7215 8986 3272 
9
2968 97 5620 8525 4418 9602 2842 5435 5404 
20
9534 4453 8645 2193 7077 1477 3003 1503 1324 1185 4304 8469 1162 2926 5096 4314 8740 7788 9658 6370 
10
4246 8442 440 9055 1345 690 5568 1241 3935 333 
11
4120 702 9316 5143 1688 5276 1047 5876 2611 2509 8688 
15
4794 9732 3640 9154 4968 2092 5306 966 2440 7697 667 2759 9144 4200 7512 
18
3712 8358 3697 1257 4310 8628 5782 6215 8879 6890 609 6877 3596 5169 7339 6316 3452 9895 
7
9345 3974 1310 7732 2141 3927 3443 
19
3542 8013 5601 8592 7962 5033 4788 2102 5692 8664 9882 4968 3870 3669 6992 6017 9839 5995 716 
10
2015 8850 7981 8734 1799 6507 391 7280 1689 5758 
8
4851 8977 4477 4504 6457 5420 9371 3795 
18
556 8651 9372 7007 7764 6729 9092 43 2075 753 5576 8341 626 5533 5322 8232 4474 9168 
14
5120 2433 1217 5809 5411 1502 5033 2835 4474 5235 5025 4626 4988 6956 
10
9601 369 7069 6422 9042 3664 4300 8791 1126 6650 
20
3298 6192 6759 8646 7660 8521 6000 7784 1333 982 9736 1991 4044 1432 4495 8332 6187 8972 9191 9237 
13
9692 2535 375 3804 7680 9784 5616 717 1770 189 7447 770 3393 
10
1112 9152 5188 378 8886 9544 1531 7965 8002 5631 
9
6976 6290 2987 7662 9452 4678 6920 3915 3571 
9
6945 4085 5726 4762 7754 9866 1715 9867 1929 
19
2093 40 7013 9297 4883 5850 2157 1072 4391 1357 2977 5812 238 1363 1811 8628 7071 1845 512 
18
4840 8843 6558 1305 2909 4539 6615 5444 4350 2570 7704 6417 244 1616 6573 4153 6030 3746 
13
321 6029 7542 5688 1975 4209 2270 6367 2504 4696 7274 7926 9158 
17
7968 5750 7771 294 8539 7811 8684 5723 2906 2041 4376 9497 7970 9636 2120 4734 6145 
16
123 262 6506 4458 2742 8002 4813 2637 4533 1675 3459 4160 8595 7309 4658 3798 
8
6280 3047 5904 8779 4518 176 6129 7930 
7
1597 3386 928 7452 5857 7731 2534 
19
7828 3420 4256 3933 9884 1101 240 6922 8210 575 6011 1647 1563 8082 1182 6734 8880 7172 9090 
14
4688 5328 6242 3008 9348 5471 3267 3228 8077 7923 8988 8326 4500 5705 
8
3366 5487 2704 8302 5334 9488 1408 2428 
19
1847 8254 679 621 4439 4977 1704 9606 8675 31 6660 8288 2870 8708 4964 9369 9892 2484 146 
18
1589 1544 5015 2564 2109 9060 4245 1312 2711 1522 764 5204 613 392 1417 799 4341 9496 
10
9493 3834 3276 8524 9312 1485 8569 6617 1551 9574 
13
1384 7205 2126 1025 3848 9142 8174 4711 3331 8008 2138 8715 9222 
12
1785 1934 9328 9637 6064 9544 9888 4471 7009 6384 8017 6164 
8
6279 1298 1137 7050 7697 4439 3722 7739 
10
7961 9305 190 2233 2040 4971 8491 4527 1409 4956 
20
8345 9009 6245 8847 1425 3186 6309 3056 3155 2561 7200 8990 7948 7463 628 4925 76 8444 4638 4813 
13
3663 7234 5824 334 4056 789 2937 7754 2162 8322 9098 752 7917 
16
6155 7683 9954 7846 7675 5071 2626 3537 7098 4495 8544 1704 7320 7766 6541 6045 
19
9118 4102 679 9259 1491 7023 7617 4139 8622 8339 6731 3907 2906 9094 5893 4095 9498 530 5536 
