9511 9144 8605 8553 8382 7836 6867 6676 4382 3951 3148 3129 1330 1306 
9860 9556 8531 8481 8182 6733 6567 6030 5885 5439 4221 3837 2460 1785 973 922 552 
7593 6784 5248 3521 3360 3015 2942 2006 1325 
9459 7947 7374 6500 5651 5309 5190 4771 4483 4277 4168 3737 3573 3022 2209 2055 1583 
8502 7157 6409 6183 5168 4030 3779 1654 1408 900 
8127 7472 5801 5537 3811 1819 920 892 
9444 9200 8406 7961 7904 7880 7528 6026 5371 3210 2782 1765 1707 1117 595 136 1 
9802 9143 8854 7701 7184 6855 6026 5285 4641 4469 3113 3059 2973 2953 2430 2191 1816 837 18 
9602 8635 8266 5771 5735 5534 5000 4284 4272 3697 3444 2853 2732 1181 838 806 315 239 67 
9315 8528 7342 5778 5268 4572 4350 3129 2451 1555 628 
8176 7681 6726 4902 4884 4113 2334 1550 1209 1007 
8913 8335 7822 6394 4795 2800 2682 1885 1231 550 
8826 8436 7266 6380 6164 6007 4645 4516 4513 3072 2353 2107 1874 1308 
8971 7896 6408 5628 4809 2076 1755 1573 1532 1505 1360 
8790 8612 8215 7444 6788 5803 5238 4744 4680 3817 3373 2770 2290 2099 2053 1423 1323 1319 799 175 
9201 8602 7893 6904 4682 4219 2901 772 724 322 
9969 9188 9152 8853 8218 8137 6494 6383 3719 2744 1824 884 
9742 8058 5953 5730 4958 2547 2073 1202 1159 
9841 9242 8619 8473 8330 6574 6157 5894 5508 5260 3722 3123 3062 2633 2437 1881 1582 
8894 8836 8421 8118 8037 7984 7473 7197 6751 3972 3262 2205 1926 1907 736 581 
8329 6728 6307 5998 5416 5249 4771 4610 2748 2469 1556 
9840 9619 9311 9136 8771 8236 7404 5234 4150 3150 2760 2166 1009 524 
9750 9488 9481 9095 7558 7210 7175 6720 6424 6167 5221 5119 5062 4476 4210 1245 1066 
9623 7268 6923 6852 6645 6548 6428 6393 5927 4176 4169 3276 659 359 
9332 7719 7025 6432 5163 3950 3632 3611 2381 2123 2031 1606 851 498 395 245 54 
9721 9306 8213 7989 7795 7522 6911 2807 2587 2230 1781 
8850 8520 8459 8437 7532 7451 6749 5487 4615 4602 3181 2760 1835 1682 166 
9440 9207 7645 6953 4663 3549 3106 146 
9561 9103 8930 7962 7284 7255 6848 6307 5760 3403 2058 
9383 9370 9300 9219 7561 6244 6161 4686 4337 3802 3783 3269 1974 1603 1579 1263 649 
8424 7040 7021 5815 5476 3273 435 
9578 9510 9122 8096 8094 7298 6802 5107 4433 4239 4100 3522 3492 3226 2497 2481 1003 
9670 9592 9232 8174 7704 7018 6796 6004 5470 4680 4387 4348 3907 3308 3152 2702 1719 1178 282 
8643 8163 7359 5960 4946 3638 3002 2484 1936 1912 1547 550 
9872 9501 8998 8274 8153 7316 6629 5591 5329 5164 4935 4258 2372 2200 1418 950 715 
9885 7655 3458 2737 1456 1185 1111 11 
8578 8531 7455 6372 3513 2389 565 149 
9281 9123 9064 8808 8376 7670 7581 7142 5516 4821 3981 3043 2616 2300 567 295 194 150 62 
8484 8234 7865 7374 6484 6471 5924 5718 4866 4535 3140 3085 44 
9838 9637 9363 8682 7873 7619 7413 6143 5831 4525 4110 2853 2826 2786 518 511 
9465 7989 7985 7813 7810 6145 6078 5759 5070 4642 4118 3835 3392 3234 2491 2036 1703 800 324 
9002 7903 7894 6042 5538 4561 3236 3067 2197 944 
9428 9243 8731 5397 4769 4228 3603 2808 2655 1310 
8873 7654 6659 6590 5659 3964 3604 2300 1629 1439 
8958 7912 7197 6475 5715 5371 4035 2841 
9565 8360 7695 7295 6224 6223 4883 4350 4284 4144 4003 3840 3457 3134 3032 2039 2038 781 122 
9135 7669 7354 5123 4066 3197 2595 2450 2171 1965 1351 
9100 7944 6765 5675 4916 3805 1063 799 576 
8411 7934 7855 7642 7114 6683 6283 5758 5424 5251 4955 4589 4566 3931 3811 3270 1085 344 201 167 
8615 7738 6931 6221 5893 5849 5654 4772 3585 2950 2906 2467 1392 126 66 
9988 9282 8631 8515 6617 3753 3511 3458 1832 1789 
9125 9009 8600 7460 6889 5580 5443 5063 4317 3930 3140 2375 2163 2075 822 
9633 8646 8437 7519 7078 7035 6741 6505 6303 5486 5178 3194 1502 670 
9535 9361 9193 8762 8389 8168 7717 7089 6399 6174 5934 5910 4666 3703 2698 2305 959 611 
9788 9641 8325 6018 5692 5487 5137 4708 2707 2319 1877 1428 1376 1226 763 761 
9175 8677 8481 7444 7410 6780 2324 1957 1256 
9822 7548 7467 6893 6241 6177 5887 5579 5365 4363 4184 3546 3446 2876 2827 2461 1702 732 
9813 9462 9391 6776 6327 5896 5517 3625 3613 3525 2252 1147 864 292 
9774 8707 8571 8389 8350 6105 6036 6030 5415 5003 4123 2909 2805 2503 1545 1296 1024 1003 879 214 
9820 8307 8036 7780 6262 4660 4379 3812 2143 188 
9628 9533 7828 6887 6678 6472 6254 6154 5551 5494 4901 4199 4099 3945 3596 3067 2789 574 72 
8054 7362 6657 5737 4460 4405 4038 3932 3832 2805 
9639 9491 9263 7569 6570 6392 6102 5660 5232 3912 3825 3768 3288 3283 2574 1981 907 440 
8849 8589 6887 5683 5220 5195 4287 2668 
9082 7601 6249 5729 5147 4151 3653 3389 2398 1038 1012 414 377 293 
7398 7251 5551 3863 3568 2894 2480 
9894 9387 8271 3804 3731 2916 2101 
9589 9560 9335 7752 7236 6646 6490 6066 5599 5095 4396 4350 4276 4237 4186 3212 2294 802 
9003 8915 7824 7527 6468 5064 4432 4331 4159 3504 3301 1877 1830 363 327 
9397 9223 9092 8887 8676 7663 7658 7457 7168 6225 4648 4351 3917 2614 2216 1712 1573 145 
9274 9128 7785 6379 6323 2248 2109 1348 470 
8705 8236 7521 6596 3963 3229 1518 
9713 9550 9306 8492 7655 7449 7037 6858 6839 5913 5900 5052 3818 3136 2791 2656 1309 1143 1003 892 
8477 6368 6064 5739 5306 5154 4379 2965 1687 1311 
9148 7519 6699 5506 4507 3972 3317 2475 1459 501 
9771 9740 7726 6426 6085 5640 5039 4144 3329 2552 1301 833 
8945 7500 7469 7144 5243 5087 4928 2418 516 219 10 
9597 9314 8700 7587 6541 6533 6453 6403 5337 5250 4988 4016 3336 2281 2236 1943 1553 1218 1190 930 
9637 7320 7314 5487 4345 3866 3455 2519 1047 330 
9820 8523 6645 5454 5339 4387 4300 4109 3322 2014 1424 74 
8566 7049 5745 4814 4384 2940 1766 1746 1675 
8938 8380 8153 7147 6023 4892 3628 3192 2993 
9953 9036 8840 8586 8431 8339 8310 8052 7376 6121 4794 3673 3216 2958 2692 2485 2395 1766 1418 529 
9223 7862 7837 7547 7435 7348 7291 6544 5859 5853 5707 4818 4422 4048 4022 3984 3752 2632 2094 1373 
9538 8810 7397 7092 7000 6613 6530 5978 5626 4542 4519 4278 4245 3919 3617 3411 2247 1789 1517 1296 
9028 8893 6249 5849 2903 2416 2173 1568 
9097 8792 7291 7059 6673 6283 5878 5717 3039 1472 942 881 780 753 170 
9424 8682 8156 7352 6805 6418 6361 5918 3692 3373 2523 253 
9724 8351 7873 7076 7025 5820 5080 4503 2454 1885 870 371 
9883 9703 8839 8626 6734 6097 2975 2803 1650 1633 1108 778 608 16 
8103 7290 7177 7072 6418 5934 5578 2908 
9960 8750 7505 7459 7056 6900 6530 5299 4793 4238 2863 2167 1038 951 472 243 
7816 7555 5903 5265 5208 4602 4099 3125 2453 2208 
9995 8152 7643 7237 6860 6275 5711 4473 4229 2955 2180 1747 1124 280 
9596 8637 7092 6366 5155 4988 4165 2308 2003 213 
9420 9408 9133 8385 8362 8241 6293 6274 6058 4670 3939 2868 2284 1953 705 
8773 8421 6604 6320 5499 3102 751 478 
9572 9250 8803 5296 5281 4998 4487 2681 454 
9595 8883 8036 7791 7604 7406 7200 6857 6644 3987 3984 3321 2712 2684 1541 399 76 
9658 8672 8617 8223 7981 7601 7434 7069 6472 6419 6151 4752 2622 2571 1284 743 428 89 
