41 89 361 588 972 1366 1433 2115 3110 3206 3861 4244 5492 5984 6373 7940 8116 9116 9344 
312 599 609 1008 1343 1781 3084 3160 3619 5688 6582 6592 6739 7630 8316 9138 9985 
257 1302 2897 3171 4684 4713 5966 6044 6914 7202 7615 7744 7834 8228 8366 8458 8644 9739 
894 1874 2147 2544 3152 4072 4684 4747 5476 6420 6829 7418 7685 8478 9090 9233 9509 
693 1005 1532 2386 2615 3321 3659 3819 3919 3961 4407 5081 5507 5641 8065 9221 9619 9658 
1658 2348 2924 3134 4607 4717 5864 5920 7740 
40 204 658 947 1135 1325 1374 2815 3094 3520 5035 5079 5257 7818 8761 
652 2339 2510 3277 3851 3922 4958 7659 7901 8894 9533 9898 
718 1520 2554 2938 3346 3433 4589 5166 5421 6153 6265 6641 6732 7076 7248 8534 9603 9774 
1162 1856 1973 2565 4187 6286 6822 7481 7650 
373 859 2506 3734 4773 4840 4890 4898 4995 5503 6015 6039 7724 8179 8767 9993 
37 1321 2282 2487 2762 4331 4932 8807 9003 9999 
1034 3843 4111 5385 6686 7025 9351 9589 
221 1393 2206 3588 4723 5950 6568 6947 7381 9218 9494 
2165 2850 4331 4785 4962 5385 7310 8586 9348 
4 354 991 2569 2607 3968 5292 5823 6588 6848 7631 9410 
2360 2472 4444 4861 5400 6259 7639 9594 9755 
425 639 762 2355 2683 3089 4949 6047 7740 8929 9062 9824 9916 
1088 1340 1415 1837 2508 5121 5300 6492 7222 8637 9251 9317 9761 
297 537 1230 1351 3941 4005 4115 4344 4767 7539 7741 7799 8014 8222 8629 
707 799 921 1225 3265 4952 4985 5478 6914 7352 7491 9442 9863 
2440 2951 5626 5796 6100 7070 7221 8193 9412 9769 
717 2588 2629 3128 3263 3941 4573 5553 5632 6641 6778 7235 7561 7642 7709 8659 8910 
1078 1332 1494 1812 2729 2900 3800 4805 6219 6283 6640 7972 8191 9135 9493 9777 
48 302 1018 1715 2418 2480 4494 7301 8487 9221 
418 2293 3583 5071 5416 8101 8194 
740 3055 3191 3957 4092 5254 6555 6854 7702 8054 
1867 2577 3260 3636 4212 4247 5060 5313 5677 5780 6092 6497 6619 6716 7055 7680 8055 8301 9533 
458 1321 5903 8255 9282 9441 9666 
1323 2067 2547 2762 2941 3354 3760 3986 5525 6071 6655 6748 7126 8132 8209 9038 9060 
630 4805 5225 5994 6278 6803 7448 7659 8081 8927 9030 9612 
372 3245 3715 6643 7741 7964 8025 
312 1066 5347 5740 6265 6807 6837 7336 9050 9266 
2362 3958 5048 6831 6966 7239 8092 
527 1312 3192 3280 3474 5233 6114 6293 6534 6866 7545 8311 8544 9101 9572 9662 9879 9948 
23 333 452 676 1130 1241 1420 2516 2690 3485 3871 5620 5918 6082 6278 6631 7576 9363 9389 
63 316 839 1202 1766 2120 4729 6300 6542 7605 7631 8237 8380 9983 
339 971 1584 1878 2023 3841 3920 6755 8099 8311 8621 
1567 2256 2592 2926 5016 5060 6039 7152 8013 
351 417 4524 4992 6237 6311 8689 9079 
320 2028 2186 2214 3179 3271 6064 6783 7752 8109 8234 8297 9135 
8 245 1085 1545 2738 3617 3832 7607 9288 9566 
99 226 462 1266 1938 2062 2501 2865 3568 4402 4414 5065 5387 8599 8666 9143 9343 
62 1018 1301 1948 2097 2315 2957 2989 3088 3274 3554 4379 4395 4953 5419 5879 6375 6837 7590 9364 
290 349 403 1166 2002 2373 3672 4211 4750 4793 5291 5965 7323 8538 9329 9382 9489 9578 
1251 1661 2420 3760 4001 4514 4623 5400 5448 6502 7380 7567 7641 7964 8236 8612 8667 8768 9150 
265 386 446 691 1004 1935 2101 3477 4046 4502 4656 4681 5696 6160 8437 8853 9013 9061 
99 1003 1306 1442 1533 2543 4383 4751 5822 6481 7558 8993 9191 9728 
975 1607 2346 2583 2880 3005 3838 4006 5143 6751 8050 
745 1238 2053 2556 2642 3507 4064 4521 4561 4807 5029 6970 7194 7329 7644 8333 9415 9522 
257 489 716 1087 1216 1811 2853 3158 3247 3900 4668 6014 7102 7249 7656 7724 8315 8395 9251 
814 1408 3373 3463 3785 4244 4696 5119 5198 5377 5716 5802 6298 6846 7721 7832 8695 8756 8901 9937 
676 714 2420 3003 3012 3294 3387 3852 4805 5033 5287 5833 5951 6576 8008 8450 8540 9212 9523 9695 
869 1394 2784 3064 3091 3725 4015 5219 5263 5286 5355 5481 5575 6447 8084 8274 9082 
447 804 974 1699 1857 1933 2015 2646 3209 3870 4646 4916 5115 5891 6620 7878 8150 9564 
1289 1976 2754 2808 2832 3969 4426 5334 5577 6463 8008 8015 9730 9858 
165 1204 2613 4851 5821 5874 7032 7792 8528 9626 
22 622 789 1001 1281 2150 2455 3876 4753 5924 6747 8468 8912 
8 858 1119 1209 1464 1633 1852 2058 2370 3472 3621 3810 5107 5144 5577 5819 6895 7332 7399 7826 
666 1517 2431 3728 4243 5093 8583 9307 
1203 1275 1748 2903 2998 3102 4491 4510 4914 8078 
363 482 3191 3806 5445 7310 8935 
228 980 1503 1896 2061 2651 2735 4140 4753 4885 5625 6385 6674 6926 7134 8079 8735 9560 
2431 2576 6836 6981 7556 8839 9147 
1305 1326 1500 2178 2437 2874 3104 4557 5562 9359 9380 
1633 1733 1805 1995 3757 6383 6615 6721 7726 7880 7937 8743 9698 
484 1865 2121 2872 3476 4267 5296 6288 6515 7516 7545 8466 8543 8616 9664 
352 1887 1945 3692 5080 5112 6447 6578 6741 6760 7679 7707 8404 8482 8552 8635 9967 
1626 2614 3328 4440 7057 7746 9035 
981 1203 1585 2123 2428 2614 6004 6236 7631 7850 7912 9539 
927 1989 2639 3254 5272 6194 6491 6663 9213 
1495 2771 5511 5849 6267 6547 6768 8427 8994 
874 932 1279 2637 2761 2833 3152 5470 6151 7181 8181 9768 
558 1876 2091 2481 5755 5763 7636 8660 
30 79 717 1872 2193 2606 2836 2958 3029 4861 5455 6213 6989 7466 7763 7878 8339 9804 9912 
1569 2623 3707 5157 5359 5904 5933 6097 6854 6981 7158 8310 8848 9324 9486 9544 9596 
307 366 682 1298 2765 3018 4475 4656 5178 6275 6299 6465 6610 6895 7088 
4143 4565 4700 5956 6018 6937 7977 8160 9066 
260 901 1394 5175 5603 5877 6164 7054 8103 8881 9822 
176 612 786 799 1238 1447 1586 1832 2298 2877 3050 3123 4085 5964 6046 6862 6903 9464 9874 
473 657 832 1853 2273 2685 4352 4800 5773 5828 6172 6451 7370 7542 7764 8105 
1206 1520 2924 3000 4819 5772 8186 9988 
1024 1356 1838 3816 6021 6341 6944 7026 7088 7534 8863 9056 9203 9287 9811 
1029 1673 2283 5265 7000 7394 8130 9631 9699 
65 544 607 3217 3559 3594 4653 5045 5161 6108 6868 7032 8750 9763 
917 1781 2377 3047 3690 7294 8232 8481 8877 
2695 2966 4883 5159 5858 6446 9486 9860 9953 
12 131 762 2309 2897 3888 6281 7967 8165 8344 8631 
237 326 1025 1393 2681 3093 3638 8583 9015 9113 
886 1600 3695 3787 4454 4781 9074 9250 9433 
802 1880 3408 3521 3829 3843 6005 6288 6673 7247 7249 8083 9076 
434 2149 2917 3893 4170 4364 6390 6902 6923 8160 9244 9338 9572 9733 
511 3169 3232 4331 5207 6120 8344 8571 9898 9969 
229 363 515 584 1599 2610 2796 2944 2975 3301 3456 4862 5906 7837 8216 
882 1151 2053 2323 3295 3524 3693 4054 4153 4211 4514 4773 5573 5758 7139 8408 9113 
1708 2102 2521 2630 2650 3710 3757 3919 4056 4574 4585 5740 5928 7159 8090 8533 9035 9250 
2184 3547 5237 6090 6620 7184 7810 8150 8308 8736 9169 
184 617 630 838 1610 2339 2518 2787 3216 3596 4218 4259 4554 4682 5617 6829 8923 8968 9617 9669 
297 1240 1495 1562 1743 2013 2138 2367 3118 4246 4623 4879 5685 6324 6889 7075 7405 8258 9110 
126 892 1582 2303 2713 4387 5346 5370 6163 6409 7910 8237 8676 9373 9698 
