10 30
0 0 1 1 0 0 1 1 0 0 
0 0 0 0 1 1 0 1 0 0 
1 0 0 1 0 1 0 0 1 0 
1 0 1 0 0 0 0 0 0 0 
0 1 0 0 0 0 1 1 1 1 
0 1 1 0 0 0 0 1 1 1 
1 0 0 0 1 0 0 1 1 1 
1 1 0 0 1 1 1 0 0 1 
0 0 1 0 1 1 1 0 0 1 
0 0 0 0 1 1 1 1 1 0 
5 3 5 6 9 10 
3 6 7 10 
5 1 3 4 7 8 
3 3 5 6 
3 3 4 10 
3 4 7 9 
5 2 3 4 5 9 
4 1 2 5 8 
4 2 7 8 9 
4 1 4 8 9 
2 1 2 
4 3 5 7 10 
4 1 2 6 7 
4 4 8 9 10 
5 4 7 8 9 10 
5 2 3 6 7 9 
3 3 6 7 
2 9 10 
3 4 7 10 
3 2 3 5 
4 1 6 7 9 
5 1 2 3 5 10 
3 3 5 9 
5 1 2 4 8 10 
4 4 5 7 9 
3 1 3 7 
3 2 9 10 
2 4 6 
2 5 8 
4 4 8 9 10 
